15 1015 1015 1015 1015 1015 1015 1015 1015 1015 1015 1015 1015 1015 1015 1015 1015 1015 1015 1015 1015 1015 1015 1015 1015 1015 1015 1015 1015 1015 1015 1015 1015 1015 1015 1015 1015 1015 1015 1015 1015 1015 1015 1015 1015 1015 1015 1015 1015 1015 1015 1015 1015 1015 1015 1015 1015 1015 1015 1015 1015 1015 1015 1015 1015 1015 1015 1015 1015 1015 1015 1015 1015 1015 1015 1015 1015 1015 1015 1015 1015 1015 1015 1015 1015 1015 1015 1015 1015 1015 1015 1015 1015 1015 1015 1015 1015 1015 1015 1015
15 1015 1015 1015 1015 1015 1015 1015 1015 1015 1015 1015 1015 1015 1015 1015 1015 1015 1015 1015 1015 1015 1015 1015 1015 1015 1015 1015 1015 1015 1015 1015 1015 1015 1015 1015 1015 1015 1015 1015 1015 1015 1015 1015 1015 1015 1015 1015 1015 1015 1015 1015 1015 1015 1015 1015 1015 1015 1015 1015 1015 1015 1015 1015 1015 1015 1015 1015 1015 1015 1015 1015 1015 1015 1015 1015 1015 1015 1015 1015 1015 1015 1015 1015 1015 1015 1015 1015 1015 1015 1015 1015 1015 1015 1015 1015 1015 1015 1015 1015
15 1015 1015 1015 1015 1015 1015 1015 1015 1015 1015 1015 1015 1015 1015 1015 1015 1015 1015 1015 1015 1015 1015 1015 1015 1015 1015 1015 1015 1015 1015 1015 1015 1015 1015 1015 1015 1015 1015 1015 1015 1015 1015 1015 1015 1015 1015 1015 1015 1015 1015 1015 1015 1015 1015 1015 1015 1015 1015 1015 1015 1015 1015 1015 1015 1015 1015 1015 1015 1015 1015 1015 1015 1015 1015 1015 1015 1015 1015 1015 1015 1015 1015 1015 1015 1015 1015 1015 1015 1015 1015 1015 1015 1015 1015 1015 1015 1015 1015 1015
15 1015 1015 1015 1015 1015 1015 1015 1015 1015 1015 1015 1015 1015 1015 1015 1015 1015 1015 1015 1015 1015 1015 1015 1015 1015 1015 1015 1015 1015 1015 1015 1015 1015 1015 1015 1015 1015 1015 1015 1015 1015 1015 1015 1015 1015 1015 1015 1015 1015 1015 1015 1015 1015 1015 1015 1015 1015 1015 1015 1015 1015 1015 1015 1015 1015 1015 1015 1015 1015 1015 1015 1015 1015 1015 1015 1015 1015 1015 1015 1015 1015 1015 1015 1015 1015 1015 1015 1015 1015 1015 1015 1015 1015 1015 1015 1015 1015 1015 1015
15 1015 1015 1015 1015 1015 1015 1015 1015 1015 1015 1015 1015 1015 1015 1015 1015 1015 1015 1015 1015 1015 1015 1015 1015 1015 1015 1015 1015 1015 1015 1015 1015 1015 1015 1015 1015 1015 1015 1015 1015 1015 1015 1015 1015 1015 1015 1015 1015 1015 1015 1015 1015 1015 1015 1015 1015 1015 1015 1015 1015 1015 1015 1015 1015 1015 1015 1015 1015 1015 1015 1015 1015 1015 1015 1015 1015 1015 1015 1015 1015 1015 1015 1015 1015 1015 1015 1015 1015 1015 1015 1015 1015 1015 1015 1015 1015 1015 1015 1015
15 1015 1015 1015 1015 1015 1015 1015 1015 1015 1015 1015 1015 1015 1015 1015 1015 1015 1015 1015 1015 1015 1015 1015 1015 1015 1015 1015 1015 1015 1015 1015 1015 1015 1015 1015 1015 1015 1015 1015 1015 1015 1015 1015 1015 1015 1015 1015 1015 1015 1015 1015 1015 1015 1015 1015 1015 1015 1015 1015 1015 1015 1015 1015 1015 1015 1015 1015 1015 1015 1015 1015 1015 1015 1015 1015 1015 1015 1015 1015 1015 1015 1015 1015 1015 1015 1015 1015 1015 1015 1015 1015 1015 1015 1015 1015 1015 1015 1015 1015
15 1015 1015 1015 1015 1015 1015 1015 1015 1015 1015 1015 1015 1015 1015 1015 1015 1015 1015 1015 1015 1015 1015 1015 1015 1015 1015 1015 1015 1015 1015 1015 1015 1015 1015 1015 1015 1015 1015 1015 1015 1015 1015 1015 1015 1015 1015 1015 1015 1015 1015 1015 1015 1015 1015 1015 1015 1015 1015 1015 1015 1015 1015 1015 1015 1015 1015 1015 1015 1015 1015 1015 1015 1015 1015 1015 1015 1015 1015 1015 1015 1015 1015 1015 1015 1015 1015 1015 1015 1015 1015 1015 1015 1015 1015 1015 1015 1015 1015 1015
15 1015 1015 1015 1015 1015 1015 1015 1015 1015 1015 1015 1015 1015 1015 1015 1015 1015 1015 1015 1015 1015 1015 1015 1015 1015 1015 1015 1015 1015 1015 1015 1015 1015 1015 1015 1015 1015 1015 1015 1015 1015 1015 1015 1015 1015 1015 1015 1015 1015 1015 1015 1015 1015 1015 1015 1015 1015 1015 1015 1015 1015 1015 1015 1015 1015 1015 1015 1015 1015 1015 1015 1015 1015 1015 1015 1015 1015 1015 1015 1015 1015 1015 1015 1015 1015 1015 1015 1015 1015 1015 1015 1015 1015 1015 1015 1015 1015 1015 1015
15 1015 1015 1015 1015 1015 1015 1015 1015 1015 1015 1015 1015 1015 1015 1015 1015 1015 1015 1015 1015 1015 1015 1015 1015 1015 1015 1015 1015 1015 1015 1015 1015 1015 1015 1015 1015 1015 1015 1015 1015 1015 1015 1015 1015 1015 1015 1015 1015 1015 1015 1015 1015 1015 1015 1015 1015 1015 1015 1015 1015 1015 1015 1015 1015 1015 1015 1015 1015 1015 1015 1015 1015 1015 1015 1015 1015 1015 1015 1015 1015 1015 1015 1015 1015 1015 1015 1015 1015 1015 1015 1015 1015 1015 1015 1015 1015 1015 1015 1015
15 1015 1015 1015 1015 1015 1015 1015 1015 1015 1015 1015 1015 1015 1015 1015 1015 1015 1015 1015 1015 1015 1015 1015 1015 1015 1015 1015 1015 1015 1015 1015 1015 1015 1015 1015 1015 1015 1015 1015 1015 1015 1015 1015 1015 1015 1015 1015 1015 1015 1015 1015 1015 1015 1015 1015 1015 1015 1015 1015 1015 1015 1015 1015 1015 1015 1015 1015 1015 1015 1015 1015 1015 1015 1015 1015 1015 1015 1015 1015 1015 1015 1015 1015 1015 1015 1015 1015 1015 1015 1015 1015 1015 1015 1015 1015 1015 1015 1015 1015
15 1015 1015 1015 1015 1015 1015 1015 1015 1015 1015 1015 1015 1015 1015 1015 1015 1015 1015 1015 1015 1015 1015 1015 1015 1015 1015 1015 1015 1015 1015 1015 1015 1015 1015 1015 1015 1015 1015 1015 1015 1015 1015 1015 1015 1015 1015 1015 1015 1015 1015 1015 1015 1015 1015 1015 1015 1015 1015 1015 1015 1015 1015 1015 1015 1015 1015 1015 1015 1015 1015 1015 1015 1015 1015 1015 1015 1015 1015 1015 1015 1015 1015 1015 1015 1015 1015 1015 1015 1015 1015 1015 1015 1015 1015 1015 1015 1015 1015 1015
15 1015 1015 1015 1015 1015 1015 1015 1015 1015 1015 1015 1015 1015 1015 1015 1015 1015 1015 1015 1015 1015 1015 1015 1015 1015 1015 1015 1015 1015 1015 1015 1015 1015 1015 1015 1015 1015 1015 1015 1015 1015 1015 1015 1015 1015 1015 1015 1015 1015 1015 1015 1015 1015 1015 1015 1015 1015 1015 1015 1015 1015 1015 1015 1015 1015 1015 1015 1015 1015 1015 1015 1015 1015 1015 1015 1015 1015 1015 1015 1015 1015 1015 1015 1015 1015 1015 1015 1015 1015 1015 1015 1015 1015 1015 1015 1015 1015 1015 1015
15 1015 1015 1015 1015 1015 1015 1015 1015 1015 1015 1015 1015 1015 1015 1015 1015 1015 1015 1015 1015 1015 1015 1015 1015 1015 1015 1015 1015 1015 1015 1015 1015 1015 1015 1015 1015 1015 1015 1015 1015 1015 1015 1015 1015 1015 1015 1015 1015 1015 1015 1015 1015 1015 1015 1015 1015 1015 1015 1015 1015 1015 1015 1015 1015 1015 1015 1015 1015 1015 1015 1015 1015 1015 1015 1015 1015 1015 1015 1015 1015 1015 1015 1015 1015 1015 1015 1015 1015 1015 1015 1015 1015 1015 1015 1015 1015 1015 1015 1015
15 1015 1015 1015 1015 1015 1015 1015 1015 1015 1015 1015 1015 1015 1015 1015 1015 1015 1015 1015 1015 1015 1015 1015 1015 1015 1015 1015 1015 1015 1015 1015 1015 1015 1015 1015 1015 1015 1015 1015 1015 1015 1015 1015 1015 1015 1015 1015 1015 1015 1015 1015 1015 1015 1015 1015 1015 1015 1015 1015 1015 1015 1015 1053 1056 1057 1056 1056 1057 1056 1056 1057 1056 1089 1090 1091 1056 1057 1056 1054 1015 1015 1015 1015 1015 1015 1015 1015 1015 1015 1015 1015 1015 1015 1015 1015 1015 1015 1015 1015
15 1015 1015 1015 1015 1015 1015 1015 1015 1015 1015 1015 1015 1015 1015 1015 1015 1015 1015 1015 1015 1015 1015 1015 1015 1015 1015 1015 1015 1015 1015 1053 1056 1057 1056 1056 1057 1056 1056 1057 1056 1056 1057 1056 1054 1053 1056 1057 1056 1056 1057 1056 1056 1057 1056 1054 1015 1015 1015 1015 1015 1015 1015 1064 1061 1161 1055 1055 1161 1061 1062 1161 1114 1097 1015 1099 1114 1161 1055 1069 1015 1015 1015 1015 1015 1015 1015 1015 1015 1015 1015 1015 1015 1015 1015 1015 1015 1015 1015 1015
15 1015 1015 1015 1015 1015 1015 1015 1015 1015 1015 1015 1015 1015 1015 1015 1015 1015 1015 1015 1015 1015 1015 1015 1015 1015 1015 1015 1015 1015 1015 1064 1062 1154 1062 1055 1161 1061 1062 1161 1062 1055 1154 1061 1069 1064 1061 1154 1062 1061 1161 1055 1061 1154 1055 1069 1015 1015 1015 1015 1015 1015 1015 1064 1070 1071 1070 1070 1071 1070 1070 1071 1120 1105 1106 1107 1120 1071 1070 1069 1015 1015 1015 1015 1015 1015 1015 1015 1015 1015 1015 1015 1015 1015 1015 1015 1015 1015 1015 1015
15 1015 1015 1015 1015 1015 1015 1015 1015 1015 1015 1015 1015 1015 1015 1015 1015 1015 1015 1015 1015 1015 1015 1015 1015 1015 1015 1015 1015 1015 1015 1064 1070 1071 1070 1070 1071 1070 1070 1071 1070 1070 1071 1070 1069 1064 1070 1071 1070 1070 1071 1070 1070 1071 1070 1069 1015 1015 1015 1015 1015 1015 1015 1064 1144 1004 1005 1005 1005 1006 1138 1137 1010 1013 1002 1013 1013 1152 1150 1069 1015 1015 1015 1015 1015 1015 1015 1015 1015 1015 1015 1015 1015 1015 1015 1015 1015 1015 1015 1015
15 1015 1015 1015 1015 1015 1015 1015 1015 1015 1015 1015 1015 1015 1015 1015 1015 1015 1015 1015 1015 1015 1015 1015 1015 1015 1015 1015 1015 1015 1015 1064 1013 1150 1013 1012 1012 1013 1022 1013 1022 1013 1149 1012 1069 1064 1013 1022 1023 1013 1013 1013 1013 1022 1023 1069 1015 1015 1015 1015 1015 1015 1015 1064 1013 1024 1025 1025 1025 1026 1152 1013 1003 1002 1002 1000 1013 1013 1013 1069 1015 1015 1015 1015 1015 1015 1015 1015 1015 1015 1015 1015 1015 1015 1015 1015 1015 1015 1015 1015
15 1015 1015 1015 1015 1015 1015 1015 1015 1015 1015 1015 1015 1015 1015 1015 1015 1015 1015 1015 1015 1015 1015 1015 1015 1015 1015 1015 1015 1015 1015 1064 1152 1013 1012 1040 1049 1041 1040 1049 1048 1150 1040 1152 1069 1064 1159 1022 1049 1049 1032 1023 1049 1152 1022 1069 1015 1015 1015 1015 1015 1015 1015 1064 1159 1013 1013 1013 1013 1013 1003 1013 1010 1003 1002 1010 1013 1013 1013 1067 1056 1056 1054 1015 1015 1015 1015 1015 1015 1015 1015 1015 1015 1015 1015 1015 1015 1015 1015 1015
15 1015 1015 1015 1015 1015 1015 1015 1015 1015 1015 1015 1015 1015 1015 1015 1015 1015 1015 1015 1015 1015 1015 1015 1015 1015 1015 1015 1015 1015 1015 1064 1013 1013 1047 1048 1046 1040 1048 1049 1049 1041 1049 1012 1069 1064 1012 1049 1046 1048 1049 1049 1048 1012 1013 1069 1015 1015 1015 1015 1015 1015 1015 1064 1013 1013 1151 1013 1013 1013 1010 1002 1010 1010 1003 1013 1002 1013 1013 1127 1141 1061 1069 1015 1015 1015 1015 1015 1015 1015 1015 1015 1015 1015 1015 1015 1015 1015 1015 1015
15 1015 1015 1015 1015 1015 1015 1015 1015 1015 1015 1015 1015 1015 1015 1015 1015 1015 1015 1015 1015 1015 1015 1015 1015 1015 1015 1015 1015 1015 1015 1064 1013 1012 1013 1041 1152 1040 1048 1040 1013 1012 1047 1013 1069 1064 1023 1047 1049 1046 1048 1049 1022 1048 1013 1069 1015 1015 1015 1015 1015 1015 1015 1064 1013 1013 1013 1003 1013 1010 1002 1010 1003 1010 1013 1002 1013 1002 1013 1133 1148 1070 1069 1015 1015 1015 1015 1015 1015 1015 1015 1015 1015 1015 1015 1015 1015 1015 1015 1015
15 1015 1015 1015 1015 1015 1015 1015 1015 1015 1015 1015 1015 1015 1015 1015 1015 1015 1015 1015 1015 1015 1015 1015 1015 1015 1015 1015 1015 1015 1015 1064 1157 1012 1012 1013 1013 1049 1047 1013 1160 1012 1012 1013 1069 1064 1023 1152 1023 1013 1048 1022 1013 1013 1158 1069 1015 1015 1015 1015 1015 1015 1015 1064 1013 1013 1013 1010 1002 1003 1002 1000 1013 1013 1013 1002 1000 1003 1013 1013 1002 1000 1069 1015 1015 1015 1015 1015 1015 1015 1015 1015 1015 1015 1015 1015 1015 1015 1015 1015
15 1015 1015 1015 1015 1015 1015 1015 1015 1015 1015 1015 1015 1015 1015 1015 1015 1015 1015 1015 1015 1015 1015 1015 1015 1015 1015 1015 1015 1015 1015 1064 1035 1036 1036 1036 1036 1036 1036 1036 1036 1166 1013 1167 1067 1066 1034 1036 1036 1036 1036 1036 1166 1013 1167 1067 1057 1056 1086 1087 1088 1056 1057 1066 1013 1013 1013 1002 1010 1003 1010 1010 1002 1013 1013 1003 1002 1010 1002 1002 1003 1013 1069 1015 1015 1015 1015 1015 1015 1015 1015 1015 1015 1015 1015 1015 1015 1015 1015 1015
15 1015 1015 1015 1015 1015 1015 1015 1015 1015 1015 1015 1015 1015 1015 1015 1015 1015 1015 1015 1015 1015 1015 1015 1015 1015 1015 1015 1015 1015 1015 1064 1062 1141 1062 1062 1062 1062 1062 1128 1116 1168 1169 1170 1114 1128 1062 1122 1123 1062 1128 1116 1168 1169 1170 1114 1128 1062 1094 1095 1096 1062 1141 1116 1013 1013 1013 1003 1002 1010 1013 1013 1013 1013 1013 1013 1013 1010 1003 1003 1012 1002 1069 1015 1015 1015 1015 1015 1015 1015 1015 1015 1015 1015 1015 1015 1015 1015 1015 1015
15 1015 1015 1015 1015 1015 1015 1015 1015 1015 1015 1015 1015 1015 1015 1015 1015 1015 1015 1015 1015 1015 1015 1015 1015 1015 1015 1015 1015 1015 1015 1064 1070 1148 1070 1070 1070 1070 1070 1134 1120 1174 1175 1176 1120 1134 1070 1129 1130 1070 1134 1118 1174 1175 1176 1118 1134 1070 1102 1103 1104 1070 1148 1118 1013 1013 1010 1010 1002 1010 1013 1013 1013 1013 1152 1013 1138 1013 1159 1037 1171 1171 1172 1015 1015 1015 1015 1015 1015 1015 1015 1015 1015 1015 1015 1015 1015 1015 1015 1015
15 1015 1015 1015 1015 1015 1015 1015 1015 1015 1015 1015 1015 1015 1015 1015 1015 1015 1015 1015 1015 1015 1015 1015 1015 1015 1015 1015 1015 1015 1015 1064 1138 1145 1013 1013 1013 1152 1013 1013 1013 1013 1010 1013 1137 1145 1013 1002 1002 1013 1013 1152 1013 1000 1010 1002 1013 1158 1013 1003 1010 1151 1013 1013 1013 1003 1000 1002 1013 1013 1013 1145 1004 1005 1005 1005 1005 1006 1150 1069 1015 1015 1015 1015 1015 1015 1015 1015 1015 1015 1015 1015 1015 1015 1015 1015 1015 1015 1015 1015
15 1015 1015 1015 1015 1015 1015 1015 1015 1015 1015 1015 1015 1015 1015 1015 1015 1015 1015 1015 1015 1015 1015 1015 1015 1015 1015 1015 1015 1015 1015 1064 1013 1013 1013 1013 1013 1013 1013 1013 1000 1002 1003 1003 1010 1002 1002 1000 1002 1002 1002 1010 1003 1010 1002 1010 1002 1003 1010 1010 1002 1010 1003 1010 1002 1002 1010 1003 1002 1013 1158 1151 1024 1025 1025 1025 1025 1026 1013 1069 1015 1015 1015 1015 1015 1015 1015 1015 1015 1015 1015 1015 1015 1015 1015 1015 1015 1015 1015 1015
15 1015 1015 1015 1015 1015 1015 1015 1015 1015 1015 1015 1015 1015 1015 1015 1015 1015 1015 1015 1015 1015 1015 1015 1015 1015 1015 1015 1015 1015 1015 1064 1013 1013 1013 1013 1013 1013 1144 1013 1013 1013 1158 1002 1013 1013 1013 1013 1013 1013 1013 1013 1013 1002 1013 1013 1013 1013 1013 1000 1002 1013 1013 1002 1013 1013 1003 1002 1013 1037 1171 1171 1171 1171 1171 1171 1171 1171 1171 1172 1015 1015 1015 1015 1015 1015 1015 1015 1015 1015 1015 1015 1015 1015 1015 1015 1015 1015 1015 1015
15 1015 1015 1015 1015 1015 1015 1015 1015 1015 1015 1015 1015 1015 1015 1015 1015 1015 1015 1015 1015 1015 1015 1015 1015 1015 1015 1015 1015 1015 1015 1173 1171 1171 1171 1171 1171 1171 1171 1171 1171 1171 1171 1171 1171 1171 1171 1171 1171 1171 1171 1171 1171 1171 1171 1171 1171 1171 1171 1171 1171 1171 1171 1038 1145 1023 1010 1022 1013 1069 1015 1015 1015 1015 1015 1015 1015 1015 1015 1015 1015 1015 1015 1015 1015 1015 1015 1015 1015 1015 1015 1015 1015 1015 1015 1015 1015 1015 1015 1015
15 1015 1015 1015 1015 1015 1015 1015 1015 1015 1015 1015 1015 1015 1015 1015 1015 1015 1015 1015 1015 1015 1015 1015 1015 1015 1015 1015 1015 1015 1015 1015 1015 1015 1015 1015 1015 1015 1015 1015 1015 1015 1015 1015 1015 1015 1015 1015 1015 1015 1015 1053 1056 1057 1056 1056 1057 1056 1056 1057 1056 1054 1015 1064 1013 1022 1000 1023 1013 1069 1015 1015 1015 1015 1015 1015 1015 1015 1015 1015 1015 1015 1015 1015 1015 1015 1015 1015 1015 1015 1015 1015 1015 1015 1015 1015 1015 1015 1015 1015
15 1015 1015 1015 1015 1015 1015 1015 1015 1015 1015 1015 1015 1015 1015 1015 1015 1015 1015 1015 1015 1015 1015 1015 1015 1015 1015 1015 1015 1015 1015 1015 1015 1015 1015 1015 1015 1015 1015 1015 1015 1015 1015 1015 1015 1015 1015 1015 1015 1015 1015 1064 1062 1154 1061 1055 1161 1061 1062 1154 1055 1069 1015 1064 1013 1002 1023 1010 1013 1067 1054 1015 1015 1015 1015 1015 1015 1015 1015 1015 1015 1015 1015 1015 1015 1015 1015 1015 1015 1015 1015 1015 1015 1015 1015 1015 1015 1015 1015 1015
15 1015 1015 1015 1015 1015 1015 1015 1015 1015 1015 1015 1015 1015 1015 1015 1015 1015 1015 1015 1015 1015 1015 1015 1015 1015 1015 1015 1015 1015 1015 1015 1015 1015 1015 1015 1015 1015 1015 1015 1015 1015 1015 1015 1015 1015 1015 1015 1015 1015 1015 1064 1070 1071 1070 1070 1071 1070 1070 1071 1070 1069 1015 1064 1152 1010 1022 1013 1158 1063 1069 1015 1015 1015 1015 1015 1015 1015 1015 1015 1015 1015 1015 1015 1015 1015 1015 1015 1015 1015 1015 1015 1015 1015 1015 1015 1015 1015 1015 1015
15 1015 1015 1015 1015 1015 1015 1015 1015 1015 1015 1015 1015 1015 1015 1015 1015 1015 1015 1015 1015 1015 1015 1015 1015 1015 1015 1015 1015 1015 1015 1015 1015 1015 1015 1015 1015 1015 1015 1015 1015 1015 1015 1015 1015 1015 1015 1015 1015 1015 1015 1064 1013 1013 1013 1048 1033 1151 1013 1013 1156 1069 1015 1064 1013 1023 1022 1002 1013 1071 1069 1015 1015 1015 1015 1015 1015 1015 1015 1015 1015 1015 1015 1015 1015 1015 1015 1015 1015 1015 1015 1015 1015 1015 1015 1015 1015 1015 1015 1015
15 1015 1015 1015 1015 1015 1015 1015 1015 1015 1015 1015 1015 1015 1015 1015 1015 1015 1015 1015 1015 1015 1015 1015 1015 1015 1015 1015 1015 1015 1015 1015 1015 1015 1015 1015 1015 1015 1015 1015 1015 1015 1015 1015 1015 1015 1015 1015 1015 1015 1015 1064 1013 1033 1048 1049 1049 1049 1041 1049 1013 1069 1015 1064 1013 1010 1013 1010 1013 1145 1069 1015 1015 1015 1015 1015 1015 1015 1015 1015 1015 1015 1015 1015 1015 1015 1015 1015 1015 1015 1015 1015 1015 1015 1015 1015 1015 1015 1015 1015
15 1015 1015 1015 1015 1015 1015 1015 1015 1015 1015 1015 1015 1015 1015 1015 1015 1015 1015 1015 1015 1015 1015 1015 1015 1015 1015 1015 1015 1015 1015 1015 1015 1015 1015 1015 1015 1015 1015 1015 1015 1015 1015 1015 1015 1015 1015 1015 1015 1015 1015 1064 1013 1049 1049 1033 1041 1049 1033 1041 1013 1069 1015 1064 1013 1023 1023 1010 1000 1013 1069 1015 1015 1015 1015 1015 1015 1015 1015 1015 1015 1015 1015 1015 1015 1015 1015 1015 1015 1015 1015 1015 1015 1015 1015 1015 1015 1015 1015 1015
15 1015 1015 1015 1015 1015 1015 1015 1015 1015 1015 1015 1015 1015 1015 1015 1015 1015 1015 1015 1015 1015 1015 1015 1015 1015 1015 1015 1015 1015 1015 1015 1015 1015 1015 1015 1015 1015 1015 1015 1015 1015 1015 1015 1015 1015 1015 1015 1015 1015 1015 1064 1013 1152 1013 1013 1013 1048 1013 1041 1013 1069 1015 1064 1013 1013 1002 1022 1013 1152 1069 1015 1015 1015 1015 1015 1015 1015 1015 1015 1015 1015 1015 1015 1015 1015 1015 1015 1015 1015 1015 1015 1015 1015 1015 1015 1015 1015 1015 1015
15 1015 1015 1015 1015 1015 1015 1015 1015 1015 1015 1015 1015 1015 1015 1015 1015 1015 1015 1015 1015 1015 1015 1015 1015 1015 1015 1015 1015 1015 1015 1015 1015 1015 1015 1015 1015 1015 1015 1015 1015 1015 1015 1053 1056 1056 1056 1086 1090 1088 1056 1066 1036 1036 1036 1036 1036 1036 1166 1013 1167 1067 1057 1066 1013 1010 1010 1003 1013 1037 1172 1015 1015 1015 1015 1015 1015 1015 1015 1015 1015 1015 1015 1015 1015 1015 1015 1015 1015 1015 1015 1015 1015 1015 1015 1015 1015 1015 1015 1015
15 1015 1015 1015 1015 1015 1015 1015 1015 1015 1015 1015 1015 1015 1015 1015 1015 1015 1015 1015 1015 1015 1015 1015 1015 1015 1015 1015 1015 1015 1015 1015 1015 1015 1015 1015 1015 1015 1015 1015 1015 1015 1015 1064 1062 1063 1062 1094 1095 1096 1062 1063 1062 1062 1062 1062 1063 1062 1168 1169 1170 1062 1063 1079 1013 1023 1023 1010 1013 1069 1015 1015 1015 1015 1015 1015 1015 1015 1015 1015 1015 1015 1015 1015 1015 1015 1015 1015 1015 1015 1015 1015 1015 1015 1015 1015 1015 1015 1015 1015
15 1015 1015 1015 1015 1015 1015 1015 1015 1015 1015 1015 1015 1015 1015 1015 1015 1015 1015 1015 1015 1015 1015 1015 1015 1015 1015 1015 1015 1015 1015 1015 1015 1015 1015 1015 1015 1015 1015 1015 1015 1015 1015 1064 1070 1071 1070 1102 1103 1104 1071 1071 1070 1070 1070 1070 1071 1070 1174 1175 1176 1070 1071 1084 1013 1002 1022 1002 1013 1014 1015 1015 1015 1015 1015 1015 1015 1015 1015 1015 1015 1015 1015 1015 1015 1015 1015 1015 1015 1015 1015 1015 1015 1015 1015 1015 1015 1015 1015 1015
15 1015 1015 1015 1015 1015 1015 1015 1015 1015 1015 1015 1015 1015 1015 1015 1015 1015 1015 1015 1015 1015 1015 1015 1015 1015 1015 1015 1015 1015 1015 1015 1015 1015 1015 1015 1015 1015 1015 1015 1015 1015 1015 1064 1144 1013 1013 1013 1013 1013 1013 1013 1152 1013 1013 1158 1013 1003 1023 1000 1003 1013 1023 1013 1145 1010 1022 1013 1013 1014 1015 1015 1015 1015 1015 1015 1015 1015 1015 1015 1015 1015 1015 1015 1015 1015 1015 1015 1015 1015 1015 1015 1015 1015 1015 1015 1015 1015 1015 1015
15 1015 1015 1015 1015 1015 1015 1015 1015 1015 1015 1015 1015 1015 1015 1015 1015 1015 1015 1015 1015 1015 1015 1015 1015 1015 1015 1015 1015 1015 1015 1015 1015 1015 1015 1015 1015 1015 1015 1015 1015 1015 1015 1064 1013 1013 1013 1013 1013 1013 1013 1013 1013 1013 1023 1023 1022 1010 1010 1013 1023 1002 1023 1010 1000 1013 1010 1003 1013 1014 1015 1015 1015 1015 1015 1015 1015 1015 1015 1015 1015 1015 1015 1015 1015 1015 1015 1015 1015 1015 1015 1015 1015 1015 1015 1015 1015 1015 1015 1015
15 1015 1015 1015 1015 1015 1015 1015 1015 1015 1015 1015 1015 1015 1015 1015 1015 1015 1015 1015 1015 1015 1015 1015 1015 1015 1015 1015 1015 1015 1015 1015 1015 1015 1015 1015 1015 1015 1015 1015 1015 1015 1015 1064 1013 1013 1152 1013 1013 1013 1013 1013 1145 1013 1013 1013 1013 1013 1013 1022 1010 1013 1152 1013 1151 1023 1022 1023 1013 1014 1015 1015 1015 1015 1015 1015 1015 1015 1015 1015 1015 1015 1015 1015 1015 1015 1015 1015 1015 1015 1015 1015 1015 1015 1015 1015 1015 1015 1015 1015
15 1015 1015 1015 1015 1015 1015 1015 1015 1015 1015 1015 1015 1015 1015 1015 1015 1015 1015 1015 1015 1015 1015 1015 1015 1015 1015 1015 1015 1015 1015 1015 1015 1015 1015 1015 1015 1015 1015 1015 1015 1015 1015 1173 1171 1171 1171 1171 1171 1171 1171 1171 1171 1171 1171 1171 1171 1171 1171 1171 1171 1171 1171 1038 1013 1002 1010 1022 1013 1014 1015 1015 1015 1015 1015 1015 1015 1015 1015 1015 1015 1015 1015 1015 1015 1015 1015 1015 1015 1015 1015 1015 1015 1015 1015 1015 1015 1015 1015 1015
15 1015 1015 1015 1015 1015 1015 1015 1015 1015 1015 1015 1015 1015 1015 1015 1015 1015 1015 1015 1015 1015 1015 1015 1015 1015 1015 1015 1015 1015 1015 1015 1015 1015 1015 1015 1015 1015 1015 1015 1015 1015 1015 1015 1015 1015 1015 1015 1015 1015 1015 1015 1015 1015 1015 1015 1015 1015 1015 1015 1015 1015 1015 1016 1013 1010 1023 1003 1013 1014 1015 1015 1015 1015 1015 1015 1015 1015 1015 1015 1015 1015 1015 1015 1015 1015 1015 1015 1015 1015 1015 1015 1015 1015 1015 1015 1015 1015 1015 1015
15 1015 1015 1015 1015 1015 1015 1015 1015 1015 1015 1015 1015 1015 1015 1015 1015 1015 1015 1015 1015 1015 1015 1015 1015 1015 1015 1015 1015 1015 1015 1015 1015 1015 1015 1015 1015 1015 1015 1015 1015 1015 1015 1015 1015 1015 1015 1015 1015 1015 1015 1015 1015 1015 1015 1015 1015 1015 1015 1015 1015 1015 1015 1016 1013 1003 1023 1022 1013 1014 1015 1015 1015 1015 1015 1015 1015 1015 1015 1015 1015 1015 1015 1015 1015 1015 1015 1015 1015 1015 1015 1015 1015 1015 1015 1015 1015 1015 1015 1015
15 1015 1015 1015 1015 1015 1015 1015 1015 1015 1015 1015 1015 1015 1015 1015 1015 1015 1015 1015 1015 1015 1015 1015 1015 1015 1015 1015 1015 1015 1015 1015 1015 1015 1015 1015 1015 1015 1015 1015 1015 1015 1015 1015 1015 1015 1015 1015 1015 1015 1015 1015 1015 1015 1015 1015 1015 1015 1015 1015 1015 1015 1015 1016 1159 1013 1022 1010 1013 1014 1015 1015 1015 1015 1015 1015 1015 1015 1015 1015 1015 1015 1015 1015 1015 1015 1015 1015 1015 1015 1015 1015 1015 1015 1015 1015 1015 1015 1015 1015
15 1015 1015 1015 1015 1015 1015 1015 1015 1015 1015 1015 1015 1015 1015 1015 1015 1015 1015 1015 1015 1015 1015 1015 1015 1015 1015 1015 1015 1015 1015 1015 1015 1015 1015 1015 1015 1015 1015 1015 1015 1015 1015 1015 1015 1015 1015 1015 1015 1015 1015 1015 1015 1015 1015 1015 1015 1015 1015 1015 1015 1015 1015 1016 1013 1152 1000 1002 1013 1067 1056 1057 1056 1056 1056 1057 1056 1056 1056 1056 1057 1056 1056 1056 1057 1056 1056 1054 1015 1015 1015 1015 1015 1015 1015 1015 1015 1015 1015 1015
15 1015 1015 1015 1015 1015 1015 1015 1015 1015 1015 1015 1015 1015 1015 1015 1015 1015 1015 1015 1015 1015 1015 1015 1015 1015 1015 1015 1015 1015 1015 1015 1015 1015 1015 1015 1015 1015 1015 1015 1015 1015 1015 1015 1015 1015 1015 1015 1015 1015 1015 1015 1015 1015 1015 1015 1015 1015 1015 1015 1015 1015 1015 1016 1013 1023 1023 1003 1013 1078 1062 1141 1062 1062 1062 1063 1062 1062 1062 1062 1063 1062 1062 1062 1141 1062 1062 1014 1015 1015 1015 1015 1015 1015 1015 1015 1015 1015 1015 1015
15 1015 1015 1015 1015 1015 1015 1015 1015 1015 1015 1015 1015 1015 1015 1015 1015 1015 1015 1015 1015 1015 1015 1015 1015 1015 1015 1015 1015 1015 1015 1015 1015 1015 1015 1015 1015 1015 1015 1015 1015 1015 1015 1015 1015 1015 1015 1015 1015 1015 1015 1015 1015 1015 1015 1015 1015 1015 1015 1015 1015 1015 1015 1016 1013 1010 1013 1023 1013 1083 1070 1148 1070 1070 1070 1071 1070 1070 1070 1070 1071 1070 1070 1070 1148 1070 1070 1014 1015 1015 1015 1015 1015 1015 1015 1015 1015 1015 1015 1015
15 1015 1015 1015 1015 1015 1015 1015 1015 1015 1015 1015 1015 1015 1015 1015 1015 1015 1015 1015 1015 1015 1015 1015 1015 1015 1015 1015 1015 1015 1015 1015 1015 1015 1015 1015 1015 1015 1015 1015 1015 1015 1015 1015 1015 1015 1015 1015 1015 1015 1015 1015 1015 1015 1015 1015 1015 1015 1015 1015 1015 1015 1015 1016 1013 1002 1023 1023 1003 1013 1151 1150 1010 1023 1000 1003 1013 1013 1013 1013 1013 1003 1010 1003 1013 1013 1145 1014 1015 1015 1015 1015 1015 1015 1015 1015 1015 1015 1015 1015
15 1015 1015 1015 1015 1015 1015 1015 1015 1015 1015 1015 1015 1015 1015 1015 1015 1015 1015 1015 1015 1015 1015 1015 1015 1015 1015 1015 1015 1015 1015 1015 1015 1015 1015 1015 1015 1015 1015 1015 1015 1015 1015 1015 1015 1015 1015 1015 1015 1015 1015 1015 1015 1015 1015 1015 1015 1015 1015 1015 1015 1015 1015 1016 1013 1013 1000 1023 1013 1010 1023 1023 1022 1002 1023 1022 1010 1023 1002 1023 1010 1023 1010 1022 1003 1000 1013 1014 1015 1015 1015 1015 1015 1015 1015 1015 1015 1015 1015 1015
15 1015 1015 1015 1015 1015 1015 1015 1015 1015 1015 1015 1015 1015 1015 1015 1015 1015 1015 1015 1015 1015 1015 1015 1015 1015 1015 1015 1015 1015 1015 1015 1015 1015 1015 1015 1015 1015 1015 1015 1015 1015 1015 1015 1015 1015 1015 1015 1015 1015 1015 1015 1015 1015 1015 1015 1015 1015 1015 1015 1015 1015 1015 1016 1144 1013 1013 1159 1010 1002 1003 1013 1013 1022 1013 1013 1013 1003 1010 1013 1013 1013 1144 1002 1010 1013 1152 1014 1015 1015 1015 1015 1015 1015 1015 1015 1015 1015 1015 1015
15 1015 1015 1015 1015 1015 1015 1015 1015 1015 1015 1015 1015 1015 1015 1015 1015 1015 1015 1015 1015 1015 1015 1015 1015 1015 1015 1015 1015 1015 1015 1015 1015 1015 1015 1015 1015 1015 1015 1015 1015 1015 1015 1015 1015 1015 1015 1015 1015 1015 1015 1015 1015 1015 1015 1015 1015 1015 1015 1015 1015 1015 1015 1173 1171 1171 1171 1171 1171 1171 1171 1171 1171 1171 1171 1038 1022 1000 1023 1013 1037 1171 1171 1171 1171 1171 1171 1172 1015 1015 1015 1015 1015 1015 1015 1015 1015 1015 1015 1015
15 1015 1015 1015 1015 1015 1015 1015 1015 1015 1015 1015 1015 1015 1015 1015 1015 1015 1015 1015 1015 1015 1015 1015 1015 1015 1015 1015 1015 1015 1015 1015 1015 1015 1015 1015 1015 1015 1015 1015 1015 1015 1015 1015 1015 1015 1015 1015 1015 1015 1015 1015 1015 1015 1015 1015 1015 1015 1015 1015 1015 1015 1015 1015 1015 1015 1015 1015 1015 1015 1015 1015 1015 1015 1015 1064 1013 1010 1003 1013 1069 1015 1015 1015 1015 1015 1015 1015 1015 1015 1015 1015 1015 1015 1015 1015 1015 1015 1015 1015
15 1015 1015 1015 1015 1015 1015 1015 1015 1015 1015 1015 1015 1015 1015 1015 1015 1015 1015 1015 1015 1015 1015 1015 1015 1015 1015 1015 1015 1015 1015 1015 1015 1015 1015 1015 1015 1015 1015 1015 1015 1015 1015 1015 1015 1015 1015 1015 1015 1015 1015 1015 1015 1015 1015 1015 1015 1015 1015 1015 1015 1015 1015 1015 1015 1015 1015 1015 1015 1015 1015 1015 1015 1015 1015 1064 1003 1002 1022 1013 1069 1015 1015 1015 1015 1015 1015 1015 1015 1015 1015 1015 1015 1015 1015 1015 1015 1015 1015 1015
15 1015 1015 1015 1015 1015 1015 1015 1015 1015 1015 1015 1015 1015 1015 1015 1015 1015 1015 1015 1015 1015 1015 1015 1015 1015 1015 1015 1015 1015 1015 1015 1015 1015 1015 1015 1015 1015 1015 1015 1053 1056 1057 1056 1056 1056 1057 1056 1056 1056 1056 1057 1056 1056 1056 1056 1057 1056 1056 1056 1057 1056 1054 1015 1015 1015 1015 1015 1015 1015 1015 1015 1015 1015 1015 1064 1013 1022 1010 1013 1069 1015 1015 1015 1015 1015 1015 1015 1015 1015 1015 1015 1015 1015 1015 1015 1015 1015 1015 1015
15 1015 1015 1015 1015 1015 1015 1015 1015 1015 1015 1015 1015 1015 1015 1015 1015 1015 1015 1015 1015 1015 1015 1015 1015 1015 1015 1015 1015 1015 1015 1015 1015 1015 1015 1015 1015 1015 1015 1015 1064 1078 1063 1062 1062 1062 1063 1062 1062 1062 1062 1063 1062 1062 1062 1062 1063 1062 1062 1062 1063 1079 1069 1015 1015 1015 1015 1015 1015 1015 1015 1015 1015 1015 1015 1064 1013 1022 1003 1013 1069 1015 1015 1015 1015 1015 1015 1015 1015 1015 1015 1015 1015 1015 1015 1015 1015 1015 1015 1015
15 1015 1015 1015 1015 1015 1015 1015 1015 1015 1015 1015 1015 1015 1015 1015 1015 1015 1015 1015 1015 1015 1015 1015 1015 1015 1015 1015 1015 1015 1015 1015 1015 1015 1015 1015 1015 1015 1015 1015 1064 1083 1071 1070 1070 1070 1071 1070 1070 1070 1070 1071 1070 1070 1070 1070 1071 1070 1070 1070 1071 1084 1069 1015 1015 1015 1015 1015 1015 1015 1015 1015 1015 1015 1015 1064 1013 1010 1000 1010 1069 1015 1015 1015 1015 1015 1015 1015 1015 1015 1015 1015 1015 1015 1015 1015 1015 1015 1015 1015
15 1015 1015 1015 1015 1015 1015 1015 1015 1015 1015 1015 1015 1015 1015 1015 1015 1015 1015 1015 1015 1015 1015 1015 1015 1015 1053 1056 1056 1057 1056 1056 1056 1057 1056 1056 1056 1057 1056 1056 1066 1013 1145 1013 1012 1013 1011 1010 1011 1010 1013 1013 1013 1010 1012 1010 1012 1013 1011 1010 1012 1012 1067 1056 1056 1057 1056 1056 1056 1057 1056 1056 1056 1057 1056 1066 1035 1013 1023 1035 1069 1015 1015 1015 1015 1015 1015 1015 1015 1015 1015 1015 1015 1015 1015 1015 1015 1015 1015 1015
15 1015 1015 1015 1015 1015 1015 1015 1015 1015 1015 1015 1015 1015 1015 1015 1015 1015 1015 1015 1015 1015 1015 1015 1015 1015 1064 1062 1062 1063 1062 1062 1062 1063 1062 1062 1062 1063 1062 1062 1079 1013 1144 1012 1013 1011 1011 1011 1012 1010 1010 1011 1012 1012 1012 1013 1011 1011 1011 1013 1013 1010 1078 1062 1062 1063 1062 1062 1062 1063 1062 1062 1062 1063 1062 1062 1062 1013 1002 1062 1069 1015 1015 1015 1015 1015 1015 1015 1015 1015 1015 1015 1015 1015 1015 1015 1015 1015 1015 1015
15 1015 1015 1015 1015 1015 1015 1015 1015 1015 1015 1015 1015 1015 1015 1015 1015 1015 1015 1015 1015 1015 1015 1015 1015 1015 1064 1070 1070 1071 1070 1070 1070 1071 1070 1070 1070 1071 1070 1070 1084 1013 1013 1013 1012 1012 1013 1010 1011 1013 1013 1013 1011 1010 1013 1010 1010 1011 1011 1011 1013 1011 1083 1070 1070 1071 1070 1070 1070 1071 1070 1070 1070 1071 1070 1070 1070 1013 1010 1070 1069 1015 1015 1015 1015 1015 1015 1015 1015 1015 1015 1015 1015 1015 1015 1015 1015 1015 1015 1015
15 1015 1015 1015 1015 1015 1015 1015 1015 1015 1015 1015 1015 1015 1015 1015 1015 1015 1015 1015 1015 1015 1015 1015 1015 1015 1064 1013 1145 1011 1010 1011 1013 1013 1013 1010 1011 1010 1011 1013 1013 1012 1013 1012 1012 1011 1013 1010 1011 1011 1011 1013 1010 1011 1012 1011 1011 1010 1011 1010 1013 1010 1011 1011 1013 1012 1010 1012 1013 1013 1010 1011 1013 1010 1012 1011 1010 1011 1010 1145 1069 1015 1015 1015 1015 1015 1015 1015 1015 1015 1015 1015 1015 1015 1015 1015 1015 1015 1015 1015
15 1015 1015 1015 1015 1015 1015 1015 1015 1015 1015 1015 1015 1015 1015 1015 1015 1015 1015 1015 1015 1015 1015 1015 1015 1015 1064 1013 1013 1012 1010 1010 1013 1012 1013 1012 1012 1011 1013 1010 1012 1010 1010 1013 1010 1013 1012 1013 1010 1013 1010 1013 1013 1013 1013 1011 1012 1010 1010 1011 1012 1013 1011 1012 1013 1012 1013 1013 1011 1012 1010 1010 1012 1012 1010 1011 1012 1011 1012 1013 1069 1015 1015 1015 1015 1015 1015 1015 1015 1015 1015 1015 1015 1015 1015 1015 1015 1015 1015 1015
15 1015 1015 1015 1015 1015 1015 1015 1015 1015 1015 1015 1015 1015 1015 1015 1015 1015 1015 1015 1015 1015 1015 1015 1015 1015 1085 1013 1009 1011 1013 1011 1012 1011 1010 1012 1011 1013 1010 1013 1011 1011 1012 1011 1013 1011 1012 1013 1012 1010 1012 1010 1013 1010 1013 1011 1012 1011 1011 1013 1013 1011 1013 1011 1010 1010 1010 1010 1010 1011 1011 1012 1010 1011 1012 1011 1012 1011 1012 1013 1069 1015 1015 1015 1015 1015 1015 1015 1015 1015 1015 1015 1015 1015 1015 1015 1015 1015 1015 1015
15 1015 1015 1015 1015 1015 1015 1015 1015 1015 1015 1015 1015 1015 1015 1015 1015 1015 1015 1015 1015 1015 1015 1015 1015 1015 1093 1013 1013 1011 1012 1012 1011 1012 1010 1011 1010 1011 1013 1010 1010 1010 1012 1011 1013 1010 1011 1013 1011 1011 1012 1011 1011 1011 1010 1012 1013 1011 1010 1013 1013 1013 1013 1012 1013 1010 1011 1013 1013 1011 1011 1011 1013 1012 1012 1010 1010 1011 1011 1011 1069 1015 1015 1015 1015 1015 1015 1015 1015 1015 1015 1015 1015 1015 1015 1015 1015 1015 1015 1015
15 1015 1015 1015 1015 1015 1015 1015 1015 1015 1015 1015 1015 1015 1015 1015 1015 1015 1015 1015 1015 1015 1015 1015 1015 1015 1093 1013 1013 1011 1012 1010 1012 1013 1012 1011 1011 1011 1011 1013 1010 1012 1010 1011 1012 1011 1010 1012 1012 1011 1011 1011 1010 1010 1011 1011 1010 1010 1013 1012 1013 1010 1011 1013 1010 1013 1013 1013 1010 1011 1011 1011 1013 1011 1010 1011 1011 1012 1010 1013 1069 1015 1015 1015 1015 1015 1015 1015 1015 1015 1015 1015 1015 1015 1015 1015 1015 1015 1015 1015
15 1015 1015 1015 1015 1015 1015 1015 1015 1015 1015 1015 1015 1015 1015 1015 1015 1015 1015 1015 1015 1015 1015 1015 1015 1015 1101 1011 1010 1012 1011 1010 1011 1013 1010 1011 1013 1010 1011 1012 1013 1012 1013 1010 1013 1010 1012 1011 1011 1011 1010 1013 1010 1011 1011 1013 1013 1012 1010 1010 1010 1010 1013 1011 1010 1013 1010 1010 1011 1010 1010 1012 1013 1013 1011 1013 1010 1010 1013 1011 1069 1015 1015 1015 1015 1015 1015 1015 1015 1015 1015 1015 1015 1015 1015 1015 1015 1015 1015 1015
15 1015 1015 1015 1015 1015 1015 1015 1015 1015 1015 1015 1015 1015 1015 1015 1015 1015 1015 1015 1015 1015 1015 1015 1015 1015 1064 1011 1013 1010 1012 1013 1010 1012 1012 1013 1012 1012 1013 1010 1010 1012 1013 1013 1013 1011 1012 1011 1011 1012 1013 1013 1011 1012 1010 1011 1011 1010 1012 1010 1011 1012 1010 1013 1011 1012 1011 1011 1010 1011 1011 1011 1011 1012 1012 1010 1013 1010 1010 1010 1069 1015 1015 1015 1015 1015 1015 1015 1015 1015 1015 1015 1015 1015 1015 1015 1015 1015 1015 1015
15 1015 1015 1015 1015 1015 1015 1015 1015 1015 1015 1015 1015 1015 1015 1015 1015 1015 1015 1015 1015 1015 1015 1015 1015 1015 1064 1010 1011 1010 1013 1010 1011 1010 1013 1012 1013 1012 1011 1010 1013 1011 1011 1012 1013 1011 1010 1012 1010 1010 1012 1012 1013 1011 1013 1013 1013 1012 1011 1013 1012 1010 1011 1010 1013 1012 1010 1012 1013 1012 1011 1011 1012 1011 1010 1013 1013 1011 1010 1011 1069 1015 1015 1015 1015 1015 1015 1015 1015 1015 1015 1015 1015 1015 1015 1015 1015 1015 1015 1015
15 1015 1015 1015 1015 1015 1015 1015 1015 1015 1015 1015 1015 1015 1015 1015 1015 1015 1015 1015 1015 1015 1015 1015 1015 1015 1064 1012 1010 1011 1010 1013 1010 1011 1012 1011 1010 1012 1013 1013 1011 1013 1010 1013 1010 1012 1012 1012 1010 1013 1013 1010 1011 1013 1011 1011 1010 1010 1010 1010 1010 1013 1013 1011 1010 1013 1012 1010 1011 1011 1010 1010 1010 1013 1012 1011 1013 1012 1011 1012 1069 1015 1015 1015 1015 1015 1015 1015 1015 1015 1015 1015 1015 1015 1015 1015 1015 1015 1015 1015
15 1015 1015 1015 1015 1015 1015 1015 1015 1015 1015 1015 1015 1015 1015 1015 1015 1015 1015 1015 1015 1015 1015 1015 1015 1015 1064 1010 1010 1011 1013 1010 1013 1013 1012 1013 1013 1010 1011 1011 1011 1011 1013 1010 1010 1012 1012 1012 1011 1012 1012 1010 1011 1013 1011 1011 1010 1010 1010 1012 1012 1012 1011 1010 1012 1010 1010 1012 1013 1010 1010 1012 1010 1010 1010 1012 1012 1013 1012 1013 1069 1015 1015 1015 1015 1015 1015 1015 1015 1015 1015 1015 1015 1015 1015 1015 1015 1015 1015 1015
15 1015 1015 1015 1015 1015 1015 1015 1015 1015 1015 1015 1015 1015 1015 1015 1015 1015 1015 1015 1015 1015 1015 1015 1015 1015 1085 1013 1013 1012 1011 1012 1013 1010 1010 1011 1011 1013 1012 1012 1012 1010 1011 1010 1012 1012 1012 1012 1011 1012 1010 1012 1011 1013 1010 1012 1012 1013 1010 1013 1010 1011 1012 1010 1010 1011 1012 1013 1013 1012 1011 1010 1013 1012 1011 1011 1012 1010 1012 1012 1069 1015 1015 1015 1015 1015 1015 1015 1015 1015 1015 1015 1015 1015 1015 1015 1015 1015 1015 1015
15 1015 1015 1015 1015 1015 1015 1015 1015 1015 1015 1015 1015 1015 1015 1015 1015 1015 1015 1015 1015 1015 1015 1015 1015 1015 1093 1012 1013 1011 1011 1012 1012 1010 1013 1010 1013 1013 1013 1012 1010 1011 1010 1010 1012 1010 1011 1012 1011 1011 1010 1010 1010 1013 1013 1013 1010 1011 1011 1010 1011 1012 1013 1011 1013 1013 1011 1011 1013 1011 1011 1010 1013 1010 1011 1013 1013 1011 1011 1010 1069 1015 1015 1015 1015 1015 1015 1015 1015 1015 1015 1015 1015 1015 1015 1015 1015 1015 1015 1015
15 1015 1015 1015 1015 1015 1015 1015 1015 1015 1015 1015 1015 1015 1015 1015 1015 1015 1015 1015 1015 1015 1015 1015 1015 1015 1093 1011 1012 1012 1013 1012 1012 1012 1013 1013 1013 1012 1013 1013 1012 1012 1013 1012 1012 1013 1011 1013 1012 1012 1012 1010 1013 1012 1012 1011 1011 1012 1013 1013 1010 1010 1012 1010 1010 1011 1013 1010 1013 1013 1011 1012 1010 1012 1011 1012 1010 1013 1010 1011 1069 1015 1015 1015 1015 1015 1015 1015 1015 1015 1015 1015 1015 1015 1015 1015 1015 1015 1015 1015
15 1015 1015 1015 1015 1015 1015 1015 1015 1015 1015 1015 1015 1015 1015 1015 1015 1015 1015 1015 1015 1015 1015 1015 1015 1015 1101 1012 1013 1012 1012 1012 1013 1010 1010 1013 1010 1013 1011 1010 1013 1012 1013 1010 1012 1011 1013 1012 1011 1012 1012 1010 1012 1013 1011 1013 1012 1010 1011 1010 1013 1013 1010 1012 1013 1011 1011 1013 1013 1012 1013 1010 1012 1010 1012 1011 1013 1012 1011 1013 1069 1015 1015 1015 1015 1015 1015 1015 1015 1015 1015 1015 1015 1015 1015 1015 1015 1015 1015 1015
15 1015 1015 1015 1015 1015 1015 1015 1015 1015 1015 1015 1015 1015 1015 1015 1015 1015 1015 1015 1015 1015 1015 1015 1015 1015 1064 1013 1011 1012 1011 1010 1012 1012 1011 1011 1010 1011 1010 1011 1011 1010 1013 1011 1011 1012 1011 1011 1011 1011 1010 1013 1010 1013 1011 1011 1010 1012 1011 1010 1012 1011 1011 1010 1012 1010 1011 1010 1013 1011 1013 1013 1013 1012 1013 1010 1012 1012 1013 1011 1069 1015 1015 1015 1015 1015 1015 1015 1015 1015 1015 1015 1015 1015 1015 1015 1015 1015 1015 1015
15 1015 1015 1015 1015 1015 1015 1015 1015 1015 1015 1015 1015 1015 1015 1015 1015 1015 1015 1015 1015 1015 1015 1015 1015 1015 1064 1013 1011 1012 1010 1013 1010 1011 1012 1012 1012 1011 1013 1010 1013 1012 1012 1010 1013 1013 1010 1010 1012 1011 1011 1010 1011 1013 1013 1010 1010 1010 1010 1013 1010 1011 1010 1012 1013 1011 1012 1011 1012 1013 1013 1010 1013 1012 1010 1012 1011 1010 1011 1012 1069 1015 1015 1015 1015 1015 1015 1015 1015 1015 1015 1015 1015 1015 1015 1015 1015 1015 1015 1015
15 1015 1015 1015 1015 1015 1015 1015 1015 1015 1015 1015 1015 1015 1015 1015 1015 1015 1015 1015 1015 1015 1015 1015 1015 1015 1064 1013 1010 1011 1012 1010 1012 1013 1013 1011 1011 1010 1012 1012 1013 1012 1010 1010 1010 1011 1011 1011 1012 1011 1011 1011 1011 1013 1010 1013 1010 1013 1013 1012 1013 1013 1012 1010 1013 1013 1013 1013 1010 1012 1010 1013 1013 1011 1013 1013 1012 1013 1012 1011 1069 1015 1015 1015 1015 1015 1015 1015 1015 1015 1015 1015 1015 1015 1015 1015 1015 1015 1015 1015
15 1015 1015 1015 1015 1015 1015 1015 1015 1015 1015 1015 1015 1015 1015 1015 1015 1015 1015 1015 1015 1015 1015 1015 1015 1015 1064 1012 1010 1010 1013 1010 1013 1010 1011 1011 1013 1012 1010 1012 1013 1012 1013 1011 1012 1011 1011 1011 1013 1012 1010 1010 1010 1011 1011 1010 1012 1011 1011 1011 1010 1011 1012 1011 1013 1010 1011 1012 1013 1012 1011 1011 1011 1011 1011 1012 1012 1011 1010 1012 1069 1015 1015 1015 1015 1015 1015 1015 1015 1015 1015 1015 1015 1015 1015 1015 1015 1015 1015 1015
15 1015 1015 1015 1015 1015 1015 1015 1015 1015 1015 1015 1015 1015 1015 1015 1015 1015 1015 1015 1015 1015 1015 1015 1015 1015 1085 1010 1011 1011 1013 1011 1010 1013 1013 1013 1011 1011 1012 1011 1012 1010 1013 1013 1012 1012 1011 1013 1013 1011 1011 1013 1011 1010 1010 1013 1010 1012 1013 1013 1012 1012 1012 1012 1013 1012 1013 1012 1013 1013 1010 1012 1012 1010 1012 1013 1012 1013 1012 1012 1069 1015 1015 1015 1015 1015 1015 1015 1015 1015 1015 1015 1015 1015 1015 1015 1015 1015 1015 1015
15 1015 1015 1015 1015 1015 1015 1015 1015 1015 1015 1015 1015 1015 1015 1015 1015 1015 1015 1015 1015 1015 1015 1015 1015 1015 1093 1010 1012 1012 1011 1011 1011 1010 1013 1011 1011 1013 1011 1011 1012 1011 1010 1012 1010 1011 1011 1010 1013 1010 1012 1011 1013 1011 1010 1012 1011 1012 1012 1012 1011 1012 1011 1013 1010 1011 1013 1011 1011 1013 1013 1011 1010 1010 1010 1012 1010 1010 1011 1011 1069 1015 1015 1015 1015 1015 1015 1015 1015 1015 1015 1015 1015 1015 1015 1015 1015 1015 1015 1015
15 1015 1015 1015 1015 1015 1015 1015 1015 1015 1015 1015 1015 1015 1015 1015 1015 1015 1015 1015 1015 1015 1015 1015 1015 1015 1093 1013 1013 1010 1010 1013 1010 1013 1010 1013 1011 1012 1010 1013 1012 1011 1013 1012 1012 1013 1013 1012 1012 1010 1010 1011 1012 1010 1011 1013 1011 1011 1010 1013 1012 1013 1013 1010 1011 1012 1011 1011 1012 1012 1011 1013 1011 1010 1010 1010 1012 1010 1010 1011 1069 1015 1015 1015 1015 1015 1015 1015 1015 1015 1015 1015 1015 1015 1015 1015 1015 1015 1015 1015
15 1015 1015 1015 1015 1015 1015 1015 1015 1015 1015 1015 1015 1015 1015 1015 1015 1015 1015 1015 1015 1015 1015 1015 1015 1015 1101 1013 1011 1010 1012 1010 1011 1012 1010 1013 1011 1012 1012 1011 1012 1012 1010 1013 1012 1011 1012 1012 1010 1012 1011 1011 1010 1013 1011 1010 1011 1013 1013 1012 1010 1013 1011 1010 1011 1013 1010 1013 1013 1011 1011 1013 1010 1012 1013 1013 1011 1013 1010 1013 1069 1015 1015 1015 1015 1015 1015 1015 1015 1015 1015 1015 1015 1015 1015 1015 1015 1015 1015 1015
15 1015 1015 1015 1015 1015 1015 1015 1015 1015 1015 1015 1015 1015 1015 1015 1015 1015 1015 1015 1015 1015 1015 1015 1015 1015 1064 1012 1013 1011 1012 1013 1013 1013 1010 1011 1011 1013 1013 1010 1011 1012 1010 1013 1012 1013 1010 1010 1011 1013 1013 1013 1010 1012 1010 1011 1013 1012 1013 1013 1013 1011 1010 1011 1012 1010 1011 1010 1012 1012 1013 1012 1010 1012 1011 1012 1011 1011 1013 1012 1069 1015 1015 1015 1015 1015 1015 1015 1015 1015 1015 1015 1015 1015 1015 1015 1015 1015 1015 1015
15 1015 1015 1015 1015 1015 1015 1015 1015 1015 1015 1015 1015 1015 1015 1015 1015 1015 1015 1015 1015 1015 1015 1015 1015 1015 1064 1012 1011 1010 1013 1011 1013 1013 1013 1011 1012 1011 1013 1011 1010 1011 1012 1011 1013 1013 1013 1012 1011 1013 1011 1012 1011 1010 1012 1013 1012 1010 1010 1011 1010 1010 1010 1011 1010 1012 1012 1010 1010 1010 1013 1012 1012 1012 1011 1013 1013 1011 1012 1013 1069 1015 1015 1015 1015 1015 1015 1015 1015 1015 1015 1015 1015 1015 1015 1015 1015 1015 1015 1015
15 1015 1015 1015 1015 1015 1015 1015 1015 1015 1015 1015 1015 1015 1015 1015 1015 1015 1015 1015 1015 1015 1015 1015 1015 1015 1064 1012 1012 1013 1011 1012 1012 1011 1013 1011 1010 1012 1012 1013 1013 1011 1010 1013 1013 1011 1010 1010 1011 1012 1011 1012 1011 1013 1010 1012 1010 1013 1010 1013 1010 1013 1010 1010 1013 1012 1010 1012 1012 1011 1012 1011 1013 1011 1011 1011 1010 1010 1013 1011 1069 1015 1015 1015 1015 1015 1015 1015 1015 1015 1015 1015 1015 1015 1015 1015 1015 1015 1015 1015
15 1015 1015 1015 1015 1015 1015 1015 1015 1015 1015 1015 1015 1015 1015 1015 1015 1015 1015 1015 1015 1015 1015 1015 1015 1015 1064 1010 1011 1012 1010 1010 1010 1013 1010 1010 1011 1011 1013 1010 1013 1011 1010 1011 1011 1011 1010 1013 1010 1011 1011 1010 1011 1012 1011 1012 1011 1011 1011 1010 1011 1013 1010 1012 1010 1012 1011 1011 1010 1013 1012 1013 1013 1010 1010 1011 1012 1012 1013 1010 1069 1015 1015 1015 1015 1015 1015 1015 1015 1015 1015 1015 1015 1015 1015 1015 1015 1015 1015 1015
15 1015 1015 1015 1015 1015 1015 1015 1015 1015 1015 1015 1015 1015 1015 1015 1015 1015 1015 1015 1015 1015 1015 1015 1015 1015 1064 1013 1012 1010 1010 1011 1013 1010 1013 1010 1012 1011 1013 1011 1013 1010 1013 1011 1013 1010 1011 1010 1011 1013 1010 1013 1011 1013 1012 1010 1011 1011 1013 1012 1012 1012 1012 1010 1012 1010 1013 1010 1013 1010 1011 1012 1010 1012 1010 1012 1012 1011 1010 1013 1069 1015 1015 1015 1015 1015 1015 1015 1015 1015 1015 1015 1015 1015 1015 1015 1015 1015 1015 1015
15 1015 1015 1015 1015 1015 1015 1015 1015 1015 1015 1015 1015 1015 1015 1015 1015 1015 1015 1015 1015 1015 1015 1015 1015 1015 1064 1013 1012 1011 1013 1012 1012 1010 1011 1013 1010 1012 1011 1011 1012 1013 1012 1011 1011 1013 1010 1013 1011 1013 1013 1011 1012 1010 1012 1012 1010 1013 1012 1010 1011 1010 1011 1012 1012 1010 1010 1011 1010 1010 1010 1013 1011 1010 1010 1012 1012 1010 1012 1013 1069 1015 1015 1015 1015 1015 1015 1015 1015 1015 1015 1015 1015 1015 1015 1015 1015 1015 1015 1015
15 1015 1015 1015 1015 1015 1015 1015 1015 1015 1015 1015 1015 1015 1015 1015 1015 1015 1015 1015 1015 1015 1015 1015 1015 1015 1173 1171 1171 1171 1171 1171 1171 1171 1171 1171 1171 1171 1171 1171 1171 1171 1171 1171 1171 1171 1171 1171 1171 1171 1171 1171 1171 1171 1171 1171 1171 1171 1171 1171 1171 1171 1171 1171 1171 1171 1171 1171 1171 1171 1171 1171 1171 1171 1171 1171 1171 1171 1171 1171 1172 1015 1015 1015 1015 1015 1015 1015 1015 1015 1015 1015 1015 1015 1015 1015 1015 1015 1015 1015
15 1015 1015 1015 1015 1015 1015 1015 1015 1015 1015 1015 1015 1015 1015 1015 1015 1015 1015 1015 1015 1015 1015 1015 1015 1015 1015 1015 1015 1015 1015 1015 1015 1015 1015 1015 1015 1015 1015 1015 1015 1015 1015 1015 1015 1015 1015 1015 1015 1015 1015 1015 1015 1015 1015 1015 1015 1015 1015 1015 1015 1015 1015 1015 1015 1015 1015 1015 1015 1015 1015 1015 1015 1015 1015 1015 1015 1015 1015 1015 1015 1015 1015 1015 1015 1015 1015 1015 1015 1015 1015 1015 1015 1015 1015 1015 1015 1015 1015 1015
15 1015 1015 1015 1015 1015 1015 1015 1015 1015 1015 1015 1015 1015 1015 1015 1015 1015 1015 1015 1015 1015 1015 1015 1015 1015 1015 1015 1015 1015 1015 1015 1015 1015 1015 1015 1015 1015 1015 1015 1015 1015 1015 1015 1015 1015 1015 1015 1015 1015 1015 1015 1015 1015 1015 1015 1015 1015 1015 1015 1015 1015 1015 1015 1015 1015 1015 1015 1015 1015 1015 1015 1015 1015 1015 1015 1015 1015 1015 1015 1015 1015 1015 1015 1015 1015 1015 1015 1015 1015 1015 1015 1015 1015 1015 1015 1015 1015 1015 1015
15 1015 1015 1015 1015 1015 1015 1015 1015 1015 1015 1015 1015 1015 1015 1015 1015 1015 1015 1015 1015 1015 1015 1015 1015 1015 1015 1015 1015 1015 1015 1015 1015 1015 1015 1015 1015 1015 1015 1015 1015 1015 1015 1015 1015 1015 1015 1015 1015 1015 1015 1015 1015 1015 1015 1015 1015 1015 1015 1015 1015 1015 1015 1015 1015 1015 1015 1015 1015 1015 1015 1015 1015 1015 1015 1015 1015 1015 1015 1015 1015 1015 1015 1015 1015 1015 1015 1015 1015 1015 1015 1015 1015 1015 1015 1015 1015 1015 1015 1015
15 1015 1015 1015 1015 1015 1015 1015 1015 1015 1015 1015 1015 1015 1015 1015 1015 1015 1015 1015 1015 1015 1015 1015 1015 1015 1015 1015 1015 1015 1015 1015 1015 1015 1015 1015 1015 1015 1015 1015 1015 1015 1015 1015 1015 1015 1015 1015 1015 1015 1015 1015 1015 1015 1015 1015 1015 1015 1015 1015 1015 1015 1015 1015 1015 1015 1015 1015 1015 1015 1015 1015 1015 1015 1015 1015 1015 1015 1015 1015 1015 1015 1015 1015 1015 1015 1015 1015 1015 1015 1015 1015 1015 1015 1015 1015 1015 1015 1015 1015
15 1015 1015 1015 1015 1015 1015 1015 1015 1015 1015 1015 1015 1015 1015 1015 1015 1015 1015 1015 1015 1015 1015 1015 1015 1015 1015 1015 1015 1015 1015 1015 1015 1015 1015 1015 1015 1015 1015 1015 1015 1015 1015 1015 1015 1015 1015 1015 1015 1015 1015 1015 1015 1015 1015 1015 1015 1015 1015 1015 1015 1015 1015 1015 1015 1015 1015 1015 1015 1015 1015 1015 1015 1015 1015 1015 1015 1015 1015 1015 1015 1015 1015 1015 1015 1015 1015 1015 1015 1015 1015 1015 1015 1015 1015 1015 1015 1015 1015 1015
15 1015 1015 1015 1015 1015 1015 1015 1015 1015 1015 1015 1015 1015 1015 1015 1015 1015 1015 1015 1015 1015 1015 1015 1015 1015 1015 1015 1015 1015 1015 1015 1015 1015 1015 1015 1015 1015 1015 1015 1015 1015 1015 1015 1015 1015 1015 1015 1015 1015 1015 1015 1015 1015 1015 1015 1015 1015 1015 1015 1015 1015 1015 1015 1015 1015 1015 1015 1015 1015 1015 1015 1015 1015 1015 1015 1015 1015 1015 1015 1015 1015 1015 1015 1015 1015 1015 1015 1015 1015 1015 1015 1015 1015 1015 1015 1015 1015 1015 1015
15 1015 1015 1015 1015 1015 1015 1015 1015 1015 1015 1015 1015 1015 1015 1015 1015 1015 1015 1015 1015 1015 1015 1015 1015 1015 1015 1015 1015 1015 1015 1015 1015 1015 1015 1015 1015 1015 1015 1015 1015 1015 1015 1015 1015 1015 1015 1015 1015 1015 1015 1015 1015 1015 1015 1015 1015 1015 1015 1015 1015 1015 1015 1015 1015 1015 1015 1015 1015 1015 1015 1015 1015 1015 1015 1015 1015 1015 1015 1015 1015 1015 1015 1015 1015 1015 1015 1015 1015 1015 1015 1015 1015 1015 1015 1015 1015 1015 1015 1015
15 1015 1015 1015 1015 1015 1015 1015 1015 1015 1015 1015 1015 1015 1015 1015 1015 1015 1015 1015 1015 1015 1015 1015 1015 1015 1015 1015 1015 1015 1015 1015 1015 1015 1015 1015 1015 1015 1015 1015 1015 1015 1015 1015 1015 1015 1015 1015 1015 1015 1015 1015 1015 1015 1015 1015 1015 1015 1015 1015 1015 1015 1015 1015 1015 1015 1015 1015 1015 1015 1015 1015 1015 1015 1015 1015 1015 1015 1015 1015 1015 1015 1015 1015 1015 1015 1015 1015 1015 1015 1015 1015 1015 1015 1015 1015 1015 1015 1015 1015
15 1015 1015 1015 1015 1015 1015 1015 1015 1015 1015 1015 1015 1015 1015 1015 1015 1015 1015 1015 1015 1015 1015 1015 1015 1015 1015 1015 1015 1015 1015 1015 1015 1015 1015 1015 1015 1015 1015 1015 1015 1015 1015 1015 1015 1015 1015 1015 1015 1015 1015 1015 1015 1015 1015 1015 1015 1015 1015 1015 1015 1015 1015 1015 1015 1015 1015 1015 1015 1015 1015 1015 1015 1015 1015 1015 1015 1015 1015 1015 1015 1015 1015 1015 1015 1015 1015 1015 1015 1015 1015 1015 1015 1015 1015 1015 1015 1015 1015 1015
15 1015 1015 1015 1015 1015 1015 1015 1015 1015 1015 1015 1015 1015 1015 1015 1015 1015 1015 1015 1015 1015 1015 1015 1015 1015 1015 1015 1015 1015 1015 1015 1015 1015 1015 1015 1015 1015 1015 1015 1015 1015 1015 1015 1015 1015 1015 1015 1015 1015 1015 1015 1015 1015 1015 1015 1015 1015 1015 1015 1015 1015 1015 1015 1015 1015 1015 1015 1015 1015 1015 1015 1015 1015 1015 1015 1015 1015 1015 1015 1015 1015 1015 1015 1015 1015 1015 1015 1015 1015 1015 1015 1015 1015 1015 1015 1015 1015 1015 1015
