844 844 844 844 844 844 844 844 844 844 844 844 844 844 844 844 844 844 844 844 844 844 844 844 844 844 844 844 844 844 844 844 844 844 844 844 844 844 844 844 844 844 844 844 844 844 844 844 844 844 844 844 844 844 844 844 844 844 844 844 844 844 844 844 844 844 844 844 844 844 844 844 844 844 844 844 844 844 844 844 844 844 844 844 844 844 844 844 844 844 844 844 844 844 844 844 844 844 844 844 
844 844 844 844 844 844 844 844 844 844 844 844 844 844 844 844 844 844 844 844 844 844 844 844 844 844 844 844 844 844 844 844 844 844 844 844 844 844 844 844 844 844 844 844 844 844 844 844 844 844 844 844 844 844 844 844 844 844 844 844 844 844 844 844 844 844 844 844 844 844 844 844 844 844 844 844 844 844 844 844 844 844 844 844 844 844 844 844 844 844 844 844 844 844 844 844 844 844 844 844 
844 844 844 844 844 844 844 844 844 844 844 844 844 844 844 844 844 844 844 844 844 844 844 844 844 844 844 844 844 844 844 844 844 844 844 844 844 844 844 844 844 844 844 844 844 844 844 844 844 844 844 844 844 844 844 844 844 844 844 844 844 844 844 844 844 844 844 844 844 844 844 844 844 844 844 844 844 844 844 844 844 844 844 844 844 844 844 844 844 844 844 844 844 844 844 844 844 844 844 844 
844 844 844 844 844 844 844 844 844 844 844 844 844 844 844 844 844 844 844 844 844 844 844 844 844 844 844 844 844 844 844 844 844 844 844 844 844 844 844 844 844 844 844 844 844 844 844 844 844 844 844 844 844 844 844 844 844 844 844 844 844 844 844 844 844 844 844 844 844 844 844 844 844 844 844 844 844 844 844 844 844 844 844 844 844 844 844 844 844 844 844 844 844 844 844 844 844 844 844 844 
844 844 844 844 844 844 844 844 844 844 844 844 844 844 844 844 844 844 844 844 844 844 844 844 844 844 844 844 844 844 844 844 844 844 844 844 844 844 844 844 844 844 844 844 844 844 844 844 844 844 844 844 844 844 844 844 844 844 844 844 844 844 844 844 844 844 844 844 844 844 844 844 844 844 844 844 844 844 844 844 844 844 844 844 844 844 844 844 844 844 844 844 844 844 844 844 844 844 844 844 
844 844 844 844 844 844 844 844 844 844 844 844 844 844 844 844 844 844 844 844 844 844 844 844 844 844 844 844 844 844 844 844 844 844 844 844 844 844 844 844 844 844 844 844 844 844 844 844 844 844 844 844 844 844 844 844 844 844 844 844 844 844 844 844 844 844 844 844 844 844 844 844 844 844 844 844 844 844 844 844 844 844 844 844 844 844 844 844 844 844 844 844 844 844 844 844 844 844 844 844 
844 844 844 844 844 844 844 844 844 844 844 844 844 844 844 844 844 844 844 844 844 844 844 844 844 844 844 844 844 844 844 844 844 844 844 844 844 844 844 844 844 844 844 844 844 844 844 844 844 844 844 844 844 844 844 844 844 844 844 844 844 844 844 844 844 844 844 844 844 844 844 844 844 844 844 844 844 844 844 844 844 844 844 844 844 844 844 844 844 844 844 844 844 844 844 844 844 844 844 844 
844 844 844 844 844 844 844 844 844 844 844 844 844 844 844 844 844 844 844 844 844 844 844 844 844 844 844 844 844 844 844 844 844 844 844 844 844 844 844 844 844 844 844 844 844 844 844 844 844 844 844 844 844 844 844 844 844 844 844 844 844 844 844 844 844 844 844 844 844 844 844 844 844 844 844 844 844 844 844 844 844 844 844 844 844 844 844 844 844 844 844 844 844 844 844 844 844 844 844 844 
844 844 844 844 844 844 844 844 844 844 844 844 844 844 844 844 844 844 844 844 844 844 844 844 844 844 844 844 844 844 844 844 844 844 844 844 844 844 844 844 844 844 844 844 844 844 844 844 844 844 844 844 844 844 844 844 844 844 844 844 844 844 844 844 844 844 844 844 844 844 844 844 844 844 844 844 844 844 844 844 844 844 844 844 844 844 844 844 844 844 844 844 844 844 844 844 844 844 844 844 
844 844 844 844 844 844 844 844 844 844 844 844 844 844 844 844 844 844 844 844 844 844 844 844 844 844 844 844 844 844 844 844 844 844 844 844 844 844 844 844 844 844 844 844 844 844 844 844 844 844 844 844 844 844 844 844 844 844 844 844 844 844 844 844 844 844 844 844 844 844 844 844 844 844 844 844 844 844 844 844 844 844 844 844 844 844 844 844 844 844 844 844 844 844 844 844 844 844 844 844 
844 844 844 844 844 844 844 844 844 844 844 844 844 844 844 844 844 844 844 844 844 844 844 844 844 844 844 844 844 844 844 844 844 844 844 844 844 844 844 844 844 844 844 844 844 844 844 844 844 844 844 844 844 844 844 844 844 844 844 844 844 844 844 844 844 844 844 844 844 844 844 844 844 844 844 844 844 844 844 844 844 844 844 844 844 844 844 844 844 844 844 844 844 844 844 844 844 844 844 844 
844 844 844 844 844 844 844 844 844 844 844 844 844 844 844 844 844 844 844 844 844 844 844 844 844 844 844 844 844 844 844 844 844 844 844 844 844 844 844 844 844 844 844 844 844 844 844 844 844 844 844 844 844 844 844 844 844 844 844 844 844 844 844 844 844 844 844 844 844 844 844 844 844 844 844 844 844 844 844 844 844 844 844 844 844 844 844 844 844 844 844 844 844 844 844 844 844 844 844 844 
844 844 844 844 844 844 844 844 844 844 844 844 844 844 844 844 844 844 844 844 844 844 844 844 844 844 844 844 844 844 844 844 844 844 844 844 844 847 850 850 850 850 850 850 850 850 850 850 850 850 850 850 850 850 850 850 850 850 850 850 850 850 848 844 844 844 844 844 844 844 844 844 844 844 844 844 844 844 844 844 844 844 844 844 844 844 844 844 844 844 844 844 844 844 844 844 844 844 844 844 
844 844 844 844 844 844 844 844 844 844 844 844 844 844 844 844 844 844 844 844 844 844 844 844 844 844 844 844 844 844 844 844 844 844 844 844 844 846 879 857 857 856 857 903 857 856 857 857 857 857 857 857 857 857 856 857 903 857 856 857 857 880 845 844 844 844 844 844 844 844 844 844 844 844 844 844 844 844 844 844 844 844 844 844 844 844 844 844 844 844 844 844 844 844 844 844 844 844 844 844 
844 844 844 844 844 844 844 844 844 844 844 844 844 844 844 844 844 844 844 844 844 844 844 844 844 844 844 844 844 844 844 844 844 844 844 844 844 846 879 857 857 859 897 857 898 859 857 897 904 857 857 904 898 857 859 897 857 898 859 857 857 880 845 844 844 844 844 844 844 844 844 844 844 844 844 844 844 844 844 844 844 844 844 844 844 844 844 844 844 844 844 844 844 844 844 844 844 844 844 844 
844 844 844 844 844 844 844 844 844 844 844 844 844 844 844 844 844 844 844 844 844 844 844 844 844 844 844 844 844 844 844 844 844 844 844 844 844 846 879 890 857 859 857 899 857 859 902 857 909 857 857 909 857 902 859 857 899 857 859 857 890 880 845 844 844 844 844 844 844 844 844 844 844 844 844 844 844 844 844 844 844 844 844 844 844 844 844 844 844 844 844 844 844 844 844 844 844 844 844 844 
844 844 844 844 844 844 844 844 844 844 844 844 844 844 844 844 844 844 844 844 844 844 844 844 844 844 844 844 844 844 844 844 844 844 844 844 844 846 879 857 857 859 857 857 857 859 857 919 920 921 928 929 930 857 859 857 857 857 859 857 857 880 845 844 844 844 844 844 844 844 844 844 844 844 844 844 844 844 844 844 844 844 844 844 844 844 844 844 844 844 844 844 844 844 844 844 844 844 844 844 
844 844 844 844 844 844 844 844 844 844 844 844 844 844 844 844 844 844 844 844 844 844 844 844 844 844 844 844 844 844 844 844 844 844 844 844 844 846 884 979 979 860 979 979 979 860 901 922 923 924 931 932 933 901 860 979 979 979 860 979 979 885 845 844 844 844 844 844 844 844 844 844 844 844 844 844 844 844 844 844 844 844 844 844 844 844 844 844 844 844 844 844 844 844 844 844 844 844 844 844 
844 844 844 844 844 844 844 844 844 844 844 844 844 844 844 844 844 844 844 844 844 844 844 844 844 844 844 844 844 844 844 844 844 844 844 844 844 846 910 910 910 906 910 910 894 906 907 925 926 927 934 935 936 907 906 894 910 910 906 910 910 910 845 844 844 844 844 844 844 844 844 844 844 844 844 844 844 844 844 844 844 844 844 844 844 844 844 844 844 844 844 844 844 844 844 844 844 844 844 844 
844 844 844 844 844 844 844 844 844 844 844 844 844 844 844 844 844 844 844 844 844 844 844 844 844 844 844 844 844 844 844 844 844 844 844 844 844 846 910 910 910 910 910 910 910 910 910 910 937 938 938 939 910 910 910 910 910 910 910 910 910 910 845 844 844 844 844 844 844 844 844 844 844 844 844 844 844 844 844 844 844 844 844 844 844 844 844 844 844 844 844 844 844 844 844 844 844 844 844 844 
844 844 844 844 844 844 844 844 844 844 844 844 844 844 844 844 844 844 844 844 844 844 844 844 844 844 844 844 844 844 844 844 844 844 844 844 844 846 910 910 910 910 910 910 910 910 910 910 940 941 941 942 910 910 910 910 910 910 910 910 910 910 845 844 844 844 844 844 844 844 844 844 844 844 844 844 844 844 844 844 844 844 844 844 844 844 844 844 844 844 844 844 844 844 844 844 844 844 844 844 
844 844 844 844 844 844 844 844 844 844 844 844 844 844 844 844 844 844 844 844 844 844 844 844 844 844 844 844 844 844 844 844 844 844 844 844 844 846 910 910 910 910 910 910 910 910 910 910 940 941 941 942 910 910 910 910 910 910 910 910 910 910 845 844 844 844 844 844 844 844 844 844 844 844 844 844 844 844 844 844 844 844 844 844 844 844 844 844 844 844 844 844 844 844 844 844 844 844 844 844 
844 844 844 844 844 844 844 844 844 844 844 844 844 844 844 844 844 844 844 844 844 844 844 844 844 844 844 844 844 844 844 844 844 844 844 844 844 846 910 910 910 910 910 910 910 910 910 910 940 941 941 942 910 910 910 910 910 910 910 910 910 910 845 844 844 844 844 844 844 844 844 844 844 844 844 844 844 844 844 844 844 844 844 844 844 844 844 844 844 844 844 844 844 844 844 844 844 844 844 844 
844 844 844 844 844 844 844 844 844 844 844 844 844 844 844 844 844 844 844 844 844 844 844 844 844 844 844 844 844 844 844 844 844 844 844 844 844 846 910 910 910 910 910 910 910 910 910 910 940 941 941 942 910 910 910 910 910 910 910 910 910 910 845 844 844 844 844 844 844 844 844 844 844 844 844 844 844 844 844 844 844 844 844 844 844 844 844 844 844 844 844 844 844 844 844 844 844 844 844 844 
844 844 844 844 844 844 844 844 844 844 844 844 844 844 844 844 844 844 844 844 844 844 844 844 844 844 844 844 844 844 844 844 844 844 844 844 844 846 910 910 910 910 910 910 910 910 910 910 940 941 941 942 910 910 910 910 910 910 910 910 910 910 845 844 844 844 844 844 844 844 844 844 844 844 844 844 844 844 844 844 844 844 844 844 844 844 844 844 844 844 844 844 844 844 844 844 844 844 844 844 
844 844 844 844 844 844 844 844 844 844 844 844 844 844 844 844 844 844 844 844 844 844 844 844 844 844 844 844 844 844 844 844 844 844 844 844 844 846 937 938 938 938 938 938 938 938 938 938 941 941 941 941 938 938 938 938 938 938 938 938 938 939 845 844 844 844 844 844 844 844 844 844 844 844 844 844 844 844 844 844 844 844 844 844 844 844 844 844 844 844 844 844 844 844 844 844 844 844 844 844 
844 844 844 844 844 844 844 844 844 844 844 844 844 844 844 844 844 844 844 844 844 844 844 844 844 844 844 844 844 844 844 844 844 844 844 844 844 846 940 941 941 941 941 941 941 941 941 941 941 941 941 941 941 941 941 941 941 941 941 941 941 942 845 844 844 844 844 844 844 844 844 844 844 844 844 844 844 844 844 844 844 844 844 844 844 844 844 844 844 844 844 844 844 844 844 844 844 844 844 844 
844 844 844 844 844 844 844 844 844 844 844 844 844 844 844 844 844 844 844 844 844 844 844 844 844 844 844 844 844 844 844 844 844 844 844 844 844 846 940 941 941 941 941 941 941 941 941 941 941 941 941 941 941 941 941 941 941 941 941 941 941 942 845 844 844 844 844 844 844 844 844 844 844 844 844 844 844 844 844 844 844 844 844 844 844 844 844 844 844 844 844 844 844 844 844 844 844 844 844 844 
844 844 844 844 844 844 844 844 844 844 844 844 844 844 844 844 844 844 844 844 844 844 844 844 844 844 844 844 844 844 844 844 844 844 844 844 844 846 943 944 944 944 944 944 944 944 944 944 944 944 944 944 944 944 944 944 944 944 944 944 944 945 845 844 844 844 844 844 844 844 844 844 844 844 844 844 844 844 844 844 844 844 844 844 844 844 844 844 844 844 844 844 844 844 844 844 844 844 844 844 
844 844 844 844 844 844 844 844 844 844 844 844 844 844 844 844 844 844 844 844 844 844 844 844 844 844 844 844 844 844 844 844 844 844 844 844 844 846 913 913 913 913 913 913 913 913 913 913 912 883 883 911 914 914 914 914 914 914 914 914 914 914 845 844 844 844 844 844 844 844 844 844 844 844 844 844 844 844 844 844 844 844 844 844 844 844 844 844 844 844 844 844 844 844 844 844 844 844 844 844 
844 844 844 844 844 844 844 844 844 844 844 844 844 844 844 844 844 844 844 844 844 844 844 844 844 844 844 844 844 844 844 844 844 844 844 844 844 846 915 916 916 916 916 916 916 916 916 917 892 883 883 893 915 916 916 916 916 916 916 916 916 917 845 844 844 844 844 844 844 844 844 844 844 844 844 844 844 844 844 844 844 844 844 844 844 844 844 844 844 844 844 844 844 844 844 844 844 844 844 844 
844 844 844 844 844 844 844 844 844 844 844 844 844 844 844 844 850 850 850 850 850 850 850 850 850 850 850 850 850 850 850 850 850 850 850 850 850 876 937 938 938 938 938 938 938 938 938 938 941 941 941 941 938 938 938 938 938 938 938 938 938 939 875 850 850 850 850 850 850 850 850 850 850 850 850 850 850 850 850 850 850 848 844 844 844 844 844 844 844 844 844 844 844 844 844 844 844 844 844 844 
844 844 844 844 844 844 844 844 844 844 844 844 844 844 844 846 857 856 921 930 930 856 930 902 930 930 890 930 930 902 930 856 930 930 930 930 856 880 940 941 941 941 941 941 941 941 941 941 941 941 941 941 941 941 941 941 941 941 941 941 941 942 879 930 856 902 928 902 856 928 928 928 928 928 856 902 930 902 856 930 930 845 844 844 844 844 844 844 844 844 844 844 844 844 844 844 844 844 844 844 
844 844 844 844 844 844 844 844 844 844 844 844 844 844 844 846 857 859 895 930 895 859 897 930 904 928 928 928 904 930 898 859 890 930 930 890 859 880 940 941 941 944 944 944 944 944 944 944 944 944 944 944 944 944 944 944 944 944 944 941 941 942 879 890 859 930 899 930 859 930 930 987 930 930 859 930 899 930 859 890 930 845 844 844 844 844 844 844 844 844 844 844 844 844 844 844 844 844 844 844 
844 844 844 844 844 844 844 844 844 844 844 844 844 844 844 846 857 859 896 978 896 859 930 930 891 862 863 864 891 930 930 859 930 930 930 930 859 880 883 883 911 914 914 914 914 914 914 914 914 914 913 913 913 913 913 913 913 913 913 912 883 883 879 930 859 930 930 930 859 978 930 988 930 978 859 930 930 930 859 930 930 845 844 844 844 844 844 844 844 844 844 844 844 844 844 844 844 844 844 844 
844 844 844 844 844 844 844 844 844 844 844 844 844 844 844 846 979 860 979 982 979 860 979 979 979 871 872 873 979 979 979 860 901 980 981 901 860 885 883 883 893 901 979 979 979 979 979 979 979 979 979 979 979 979 979 979 979 979 901 892 883 883 879 930 860 979 979 979 860 982 979 979 979 982 860 979 979 979 860 979 979 845 844 844 844 844 844 844 844 844 844 844 844 844 844 844 844 844 844 844 
844 844 844 844 844 844 844 844 844 844 844 844 844 844 844 846 882 861 882 986 882 861 882 882 882 882 882 882 882 882 882 861 908 984 985 908 861 886 937 938 939 908 882 882 882 882 882 882 882 882 882 882 882 882 882 882 882 882 908 937 938 939 887 882 861 882 882 882 861 986 882 882 882 986 861 882 882 882 861 882 882 845 844 844 844 844 844 844 844 844 844 844 844 844 844 844 844 844 844 844 
844 844 844 844 844 844 844 844 844 844 844 844 844 844 844 846 882 937 938 938 938 938 938 938 938 938 938 938 938 938 938 938 938 938 938 938 938 938 941 941 941 938 938 938 938 938 938 938 938 938 938 938 938 938 938 938 938 938 938 941 941 941 938 938 938 938 938 938 938 938 938 938 938 938 938 938 938 938 938 939 882 845 844 844 844 844 844 844 844 844 844 844 844 844 844 844 844 844 844 844 
844 844 844 844 844 844 844 844 844 844 844 844 844 844 844 846 882 943 944 944 944 944 944 944 944 944 944 944 944 944 944 944 944 944 944 944 944 944 944 944 944 944 944 944 944 944 944 944 941 941 941 941 944 944 944 944 944 944 944 944 944 944 944 944 944 944 944 944 944 944 944 944 944 944 944 944 944 944 944 945 882 845 844 844 844 844 844 844 844 844 844 844 844 844 844 844 844 844 844 844 
844 844 844 844 844 844 844 844 844 844 844 844 844 844 844 846 882 882 882 882 882 882 882 882 882 882 882 882 882 882 882 882 882 882 882 882 882 882 882 882 882 882 882 882 882 882 882 882 940 941 941 942 882 882 882 882 882 882 882 882 882 882 882 882 882 882 882 882 882 882 882 882 882 882 882 882 882 882 882 882 882 845 844 844 844 844 844 844 844 844 844 844 844 844 844 844 844 844 844 844 
844 844 844 844 844 844 844 844 844 844 844 844 844 844 844 852 842 842 842 842 842 842 842 842 843 882 882 882 841 842 842 842 842 842 842 842 842 842 842 842 842 843 882 882 882 882 882 882 940 941 941 942 882 882 882 882 882 882 841 842 842 842 842 842 842 842 842 842 842 842 842 842 842 842 842 842 842 843 882 882 882 845 844 844 844 844 844 844 844 844 844 844 844 844 844 844 844 844 844 844 
844 844 844 844 844 844 844 847 850 850 850 850 850 850 850 850 850 850 850 850 850 850 848 844 846 882 882 882 845 844 844 844 844 844 844 844 844 844 844 844 844 846 882 882 882 882 946 882 940 941 941 942 882 946 882 882 882 882 845 844 844 844 844 844 844 844 844 844 844 844 844 844 844 844 844 844 844 846 882 882 882 845 844 844 844 844 844 844 844 844 844 844 844 844 844 844 844 844 844 844 
844 844 844 844 844 844 844 846 971 970 970 971 970 970 970 970 970 970 969 970 970 969 845 844 846 882 882 882 845 844 844 844 844 844 844 844 844 844 844 844 847 851 882 882 882 882 949 882 940 941 941 942 882 949 882 882 882 882 845 844 844 844 844 844 844 844 844 844 844 844 844 844 844 844 844 844 844 846 882 882 882 845 844 844 844 844 844 844 844 844 844 844 844 844 844 844 844 844 844 844 
844 844 844 844 844 844 844 846 974 973 973 974 973 973 973 973 973 973 972 973 973 972 845 844 846 882 882 882 845 844 844 844 844 844 844 844 844 844 844 844 846 882 882 882 882 882 948 882 940 941 941 942 882 948 882 882 882 882 845 844 847 850 850 850 850 850 850 850 850 850 850 850 850 850 850 850 850 876 877 882 874 875 850 850 850 850 850 848 844 844 844 844 844 844 844 844 844 844 844 844 
844 844 844 844 844 844 844 846 974 973 973 974 973 993 973 973 993 973 972 973 973 972 845 844 846 882 882 882 845 844 844 844 844 844 844 844 844 844 844 844 846 882 882 882 882 882 949 882 940 941 941 942 882 949 882 882 882 882 845 844 846 930 930 856 930 930 930 930 930 930 930 930 930 930 930 856 928 880 881 882 878 879 930 856 921 921 921 845 844 844 844 844 844 844 844 844 844 844 844 844 
844 844 844 844 844 844 844 846 974 973 973 974 973 994 973 973 994 973 972 973 973 972 845 844 846 882 882 882 845 844 844 844 844 844 844 844 844 844 844 844 846 882 882 882 882 882 950 882 940 941 941 942 882 950 882 882 882 882 845 844 846 930 902 859 930 930 904 930 990 991 992 930 904 930 930 859 902 880 881 882 878 879 921 859 921 921 921 845 844 844 844 844 844 844 844 844 844 844 844 844 
844 844 844 844 844 844 844 846 974 973 973 974 973 997 973 973 973 973 972 973 973 972 845 844 846 882 882 882 845 844 844 844 844 844 844 844 844 844 844 844 846 882 882 882 882 882 882 882 940 941 941 942 882 882 882 882 882 882 845 844 846 930 930 859 930 930 909 930 930 978 930 930 909 930 930 859 930 880 881 882 878 879 921 859 921 921 921 845 844 844 844 844 844 844 844 844 844 844 844 844 
844 844 844 844 844 844 844 846 977 976 976 977 976 999 951 952 976 976 975 976 976 975 845 844 846 882 882 882 845 844 844 844 844 844 844 844 844 844 844 844 846 882 882 882 882 882 882 882 940 941 941 942 882 882 882 882 882 882 845 844 846 979 979 860 980 981 979 979 979 982 979 979 979 980 981 860 979 885 881 882 878 884 979 860 979 979 979 845 844 844 844 844 844 844 844 844 844 844 844 844 
844 844 844 844 844 844 844 846 882 882 882 882 882 983 956 957 882 882 882 882 882 874 875 850 876 877 882 882 845 844 844 844 844 844 844 844 844 844 844 844 846 882 882 882 882 882 946 882 940 941 941 942 882 946 882 882 882 882 845 844 846 882 882 861 984 985 882 882 882 986 882 882 882 984 985 861 882 886 887 882 886 887 882 861 882 882 882 845 844 844 844 844 844 844 844 844 844 844 844 844 
844 844 844 844 844 844 844 846 882 882 882 882 882 882 961 962 882 882 882 882 882 878 879 928 880 881 882 882 845 844 844 844 844 844 844 844 844 844 844 844 846 882 882 882 882 882 949 882 940 941 941 942 882 949 882 882 882 882 845 844 846 882 882 882 882 882 882 882 882 882 882 882 882 882 882 882 882 882 882 882 882 882 882 882 882 882 882 845 844 844 844 844 844 844 844 844 844 844 844 844 
844 844 844 844 844 844 844 846 882 882 882 882 882 882 882 882 882 882 882 882 882 878 879 928 880 881 882 882 845 844 844 844 844 844 844 844 844 844 844 844 852 843 882 882 882 882 948 882 940 941 941 942 882 948 882 882 882 882 845 844 846 882 882 882 882 882 882 882 882 882 882 882 882 882 882 882 882 882 882 882 882 882 882 882 882 882 882 845 844 844 844 844 844 844 844 844 844 844 844 844 
844 844 844 844 844 844 844 846 882 882 882 882 937 938 938 938 938 939 882 882 882 878 884 979 885 881 882 882 845 844 844 844 844 844 844 844 844 844 844 844 844 846 882 882 882 882 949 882 940 941 941 942 882 949 882 882 882 882 845 844 846 882 882 882 882 953 954 955 882 882 882 953 954 955 882 882 882 953 954 955 882 882 882 882 882 882 882 845 844 844 844 844 844 844 844 844 844 844 844 844 
844 844 844 844 844 844 844 846 882 882 882 882 940 941 941 941 941 942 882 882 882 886 887 882 886 887 882 882 845 844 844 844 844 844 844 844 844 844 844 844 844 846 882 882 882 882 950 882 940 941 941 942 882 950 882 882 882 882 845 844 846 882 882 882 882 963 964 965 882 882 882 963 964 965 882 882 882 963 964 965 882 882 882 882 882 882 882 845 844 844 844 844 844 844 844 844 844 844 844 844 
844 844 844 844 844 844 844 846 882 882 882 882 940 941 941 941 941 942 882 882 882 882 882 882 882 882 882 882 845 844 844 844 844 844 844 844 844 844 844 844 847 851 882 882 882 882 882 882 940 941 941 942 882 882 882 882 882 882 845 844 846 882 882 882 882 958 959 960 882 882 882 958 959 960 882 882 882 958 959 960 882 882 882 882 882 882 882 845 844 844 844 844 844 844 844 844 844 844 844 844 
844 844 844 844 844 844 844 846 882 882 882 882 943 944 944 944 944 945 882 882 882 882 882 882 882 882 882 882 845 844 844 844 844 844 844 844 844 844 844 844 846 882 882 882 882 882 882 882 940 941 941 942 882 882 882 882 882 882 845 844 846 882 882 882 882 963 964 965 882 882 882 963 964 965 882 882 882 963 964 965 882 882 882 882 882 882 882 845 844 844 844 844 844 844 844 844 844 844 844 844 
844 844 844 844 844 844 844 846 882 882 882 882 882 882 882 882 882 882 882 882 882 882 841 842 842 842 842 842 853 844 844 844 844 844 844 844 844 844 844 844 846 882 882 882 882 882 946 882 940 941 941 942 882 882 882 882 882 882 849 850 851 882 882 882 882 958 959 960 882 882 882 958 959 960 882 882 882 958 959 960 882 882 882 882 882 882 882 845 844 844 844 844 844 844 844 844 844 844 844 844 
844 844 844 844 844 844 844 852 842 842 842 842 842 842 842 842 842 842 842 842 842 842 853 844 844 844 844 844 844 844 844 844 844 844 844 844 844 844 844 844 846 882 882 882 882 882 949 882 940 941 941 942 882 882 882 882 882 882 882 882 882 882 882 882 882 963 964 965 882 882 882 963 964 965 882 882 882 963 964 965 882 882 882 882 882 882 882 845 844 844 844 844 844 844 844 844 844 844 844 844 
844 844 844 844 844 844 844 844 844 844 844 844 844 844 844 844 844 844 844 844 844 844 844 844 844 844 844 844 844 844 844 844 844 844 844 844 844 844 844 844 846 882 882 882 882 882 948 882 940 941 941 942 882 882 882 882 882 882 882 882 882 882 882 882 882 966 967 968 882 882 882 966 967 968 882 882 882 966 967 968 882 882 882 882 882 882 882 845 844 844 844 844 844 844 844 844 844 844 844 844 
844 844 844 844 844 844 844 844 844 844 844 844 844 844 844 844 844 844 844 844 844 844 844 844 844 844 844 844 844 844 844 844 844 844 844 844 844 844 844 844 846 882 882 882 882 882 949 882 940 941 941 942 882 882 882 882 882 882 882 882 882 882 882 882 882 882 882 882 882 882 882 882 882 882 882 882 882 882 882 882 882 882 882 882 882 882 882 845 844 844 844 844 844 844 844 844 844 844 844 844 
844 844 844 844 844 844 844 844 844 844 844 844 844 844 844 844 844 844 844 844 844 844 844 844 844 844 844 844 844 844 844 844 844 844 844 844 844 844 844 844 846 882 882 882 882 882 950 882 940 941 941 942 882 882 882 882 882 882 841 842 843 882 882 882 882 882 882 882 882 882 882 882 882 882 882 882 882 882 882 882 882 882 882 882 882 882 882 845 844 844 844 844 844 844 844 844 844 844 844 844 
844 844 844 844 844 844 844 844 844 844 844 844 844 844 844 844 844 844 844 844 844 844 844 844 844 844 844 844 844 844 844 844 844 844 844 844 844 844 844 844 852 843 882 882 882 882 882 882 940 941 941 942 882 882 882 882 882 882 845 844 852 842 842 842 842 842 842 842 842 842 842 842 842 842 842 842 842 842 842 842 842 842 842 842 842 842 842 853 844 844 844 844 844 844 844 844 844 844 844 844 
844 844 844 844 844 844 844 844 844 844 844 844 844 844 844 844 844 844 844 844 844 844 844 844 844 844 844 844 844 844 844 844 844 844 844 844 844 844 844 844 844 846 882 882 882 882 882 882 940 941 941 942 882 882 882 882 882 882 845 844 844 844 844 844 844 844 844 844 844 844 844 844 844 844 844 844 844 844 844 844 844 844 844 844 844 844 844 844 844 844 844 844 844 844 844 844 844 844 844 844 
844 844 844 844 844 844 844 844 844 844 844 844 844 844 844 844 844 844 844 844 844 844 844 844 844 844 844 844 844 844 844 844 844 844 844 844 844 844 844 844 844 846 882 882 882 882 946 882 940 941 941 942 882 946 882 882 882 882 845 844 844 844 844 844 844 844 844 844 844 844 844 844 844 844 844 844 844 844 844 844 844 844 844 844 844 844 844 844 844 844 844 844 844 844 844 844 844 844 844 844 
844 844 844 844 844 844 844 844 844 844 844 844 844 844 844 844 844 844 844 844 844 844 844 844 844 844 844 844 844 844 844 844 844 844 844 844 844 844 844 844 844 846 882 882 882 882 949 882 940 941 941 942 882 949 882 882 882 882 845 844 844 844 844 844 844 844 844 844 844 844 844 844 844 844 844 844 844 844 844 844 844 844 844 844 844 844 844 844 844 844 844 844 844 844 844 844 844 844 844 844 
844 844 844 844 844 844 844 844 844 844 844 844 844 844 844 844 844 844 844 844 844 844 844 844 844 844 844 844 844 844 844 844 844 844 844 844 844 844 844 844 844 846 882 882 882 882 948 882 940 941 941 942 882 948 882 882 882 882 845 844 844 844 844 844 844 844 844 844 844 844 844 844 844 844 844 844 844 844 844 844 844 844 844 844 844 844 844 844 844 844 844 844 844 844 844 844 844 844 844 844 
844 844 844 844 844 844 844 844 844 844 844 844 844 844 844 844 844 844 844 844 844 844 844 844 844 844 844 844 844 844 844 844 844 844 844 844 844 844 844 844 844 846 882 882 882 882 949 882 940 941 941 942 882 949 882 882 882 882 845 844 844 844 844 844 844 844 844 844 844 844 844 844 844 844 844 844 844 844 844 844 844 844 844 844 844 844 844 844 844 844 844 844 844 844 844 844 844 844 844 844 
844 844 844 844 844 844 844 844 844 844 844 844 844 844 844 844 844 844 844 844 844 844 844 844 844 844 844 844 844 844 844 844 844 844 844 844 847 850 850 850 850 851 882 882 882 882 950 882 940 941 941 942 882 950 882 882 882 882 845 844 844 844 844 844 844 844 844 844 844 844 844 844 844 844 844 844 844 844 844 844 844 844 844 844 844 844 844 844 844 844 844 844 844 844 844 844 844 844 844 844 
844 844 844 844 844 844 844 844 844 844 844 844 844 844 844 844 844 844 844 844 844 844 844 844 844 844 844 844 844 844 844 844 844 844 844 844 846 882 882 882 882 882 882 882 882 882 882 882 940 941 941 942 882 882 882 882 882 882 845 844 844 844 844 844 844 844 844 844 844 844 844 844 844 844 844 844 844 844 844 844 844 844 844 844 844 844 844 844 844 844 844 844 844 844 844 844 844 844 844 844 
844 844 844 844 844 844 844 844 844 844 844 844 844 844 844 844 844 844 844 844 844 844 844 844 844 844 844 844 844 844 844 844 844 844 844 844 846 882 882 882 882 882 882 882 882 882 882 882 940 941 941 942 882 882 882 882 882 882 845 844 844 844 844 844 844 844 844 844 844 844 844 844 844 844 844 844 844 844 844 844 844 844 844 844 844 844 844 844 844 844 844 844 844 844 844 844 844 844 844 844 
844 844 844 844 844 844 844 844 844 844 844 844 844 844 844 844 844 844 844 844 844 844 844 844 844 844 844 844 844 844 844 844 844 844 844 844 846 882 882 882 882 882 882 882 882 882 946 882 940 941 941 942 882 946 882 882 882 882 845 844 844 844 844 844 844 844 844 844 844 844 844 844 844 844 844 844 844 844 844 844 844 844 844 844 844 844 844 844 844 844 844 844 844 844 844 844 844 844 844 844 
844 844 844 844 844 844 844 844 844 844 844 844 844 844 844 844 844 844 844 844 844 844 844 844 844 844 844 844 844 844 844 844 844 844 844 844 846 882 882 882 882 882 882 882 882 882 949 882 940 941 941 942 882 949 882 882 882 882 845 844 844 844 844 844 844 844 844 844 844 844 844 844 844 844 844 844 844 844 844 844 844 844 844 844 844 844 844 844 844 844 844 844 844 844 844 844 844 844 844 844 
844 844 844 844 844 844 844 844 844 844 844 844 844 844 844 844 844 844 844 844 844 844 844 844 844 844 844 844 844 844 844 844 844 844 844 844 846 882 882 882 882 882 882 882 882 882 948 882 940 941 941 942 882 948 882 882 882 882 845 844 844 844 844 844 844 844 844 844 844 844 844 844 844 844 844 844 844 844 844 844 844 844 844 844 844 844 844 844 844 844 844 844 844 844 844 844 844 844 844 844 
844 844 844 844 844 844 844 844 844 844 844 844 844 844 844 844 844 844 844 844 844 844 844 844 844 844 844 844 844 844 844 844 844 844 844 844 852 842 842 842 842 843 882 882 882 882 949 882 940 941 941 942 882 949 882 882 882 882 845 844 844 844 844 844 844 844 844 844 844 844 844 844 844 844 844 844 844 844 844 844 844 844 844 844 844 844 844 844 844 844 844 844 844 844 844 844 844 844 844 844 
844 844 844 844 844 844 844 844 844 844 844 844 844 844 844 844 844 844 844 844 844 844 844 844 844 844 844 844 844 844 844 844 844 844 844 844 844 844 844 844 844 846 882 882 882 882 950 882 940 941 941 942 882 950 882 882 882 882 845 844 844 844 844 844 844 844 844 844 844 844 844 844 844 844 844 844 844 844 844 844 844 844 844 844 844 844 844 844 844 844 844 844 844 844 844 844 844 844 844 844 
844 844 844 844 844 844 844 844 844 844 844 844 844 844 844 844 844 844 844 844 844 844 844 844 844 844 844 844 844 844 844 844 844 844 844 844 844 844 844 844 844 846 882 882 882 882 882 882 940 941 941 942 882 882 882 882 882 882 849 850 848 844 844 844 844 844 844 844 844 844 844 844 844 844 844 844 844 844 844 844 844 844 844 844 844 844 844 844 844 844 844 844 844 844 844 844 844 844 844 844 
844 844 844 844 844 844 844 844 844 844 844 844 844 844 844 844 844 844 844 844 844 844 844 844 844 844 844 844 844 844 844 844 844 844 844 844 844 844 844 844 844 846 882 882 882 882 882 882 940 941 941 942 882 882 882 882 882 882 882 882 845 844 844 844 844 844 844 844 844 844 844 844 844 844 844 844 844 844 844 844 844 844 844 844 844 844 844 844 844 844 844 844 844 844 844 844 844 844 844 844 
844 844 844 844 844 844 844 844 844 844 844 844 844 844 844 844 844 844 844 844 844 844 844 844 844 844 844 844 844 844 844 844 844 844 844 844 844 844 844 844 844 846 882 882 882 882 946 882 940 941 941 942 882 946 882 882 882 882 882 882 845 844 844 844 844 844 844 844 844 844 844 844 844 844 844 844 844 844 844 844 844 844 844 844 844 844 844 844 844 844 844 844 844 844 844 844 844 844 844 844 
844 844 844 844 844 844 844 844 844 844 844 844 844 844 844 844 844 844 844 844 844 844 844 844 844 844 844 844 844 844 844 844 844 844 844 844 844 844 844 844 844 846 882 882 882 882 947 882 940 941 941 942 882 947 882 882 882 882 882 882 845 844 844 844 844 844 844 844 844 844 844 844 844 844 844 844 844 844 844 844 844 844 844 844 844 844 844 844 844 844 844 844 844 844 844 844 844 844 844 844 
844 844 844 844 844 844 844 844 844 844 844 844 844 844 844 844 844 844 844 844 844 844 844 844 844 844 844 844 844 844 844 844 844 844 844 844 844 844 844 844 844 846 882 882 882 882 948 882 940 941 941 942 882 948 882 882 882 882 882 882 845 844 844 844 844 844 844 844 844 844 844 844 844 844 844 844 844 844 844 844 844 844 844 844 844 844 844 844 844 844 844 844 844 844 844 844 844 844 844 844 
844 844 844 844 844 844 844 844 844 844 844 844 844 844 844 844 844 844 844 844 844 844 844 844 844 844 844 844 844 844 844 844 844 844 844 844 844 844 844 844 847 851 882 882 882 882 949 882 940 941 941 942 882 949 882 882 882 882 882 882 845 844 844 844 844 844 844 844 844 844 844 844 844 844 844 844 844 844 844 844 844 844 844 844 844 844 844 844 844 844 844 844 844 844 844 844 844 844 844 844 
844 844 844 844 844 844 844 844 844 844 844 844 844 844 844 844 844 844 844 844 844 844 844 844 844 844 844 844 844 844 844 844 844 844 844 844 844 844 844 844 846 882 882 882 882 882 950 882 940 941 941 942 882 950 882 882 882 882 882 882 845 844 844 844 844 844 844 844 844 844 844 844 844 844 844 844 844 844 844 844 844 844 844 844 844 844 844 844 844 844 844 844 844 844 844 844 844 844 844 844 
844 844 844 844 844 844 844 844 844 844 844 844 844 844 844 844 844 844 844 844 844 844 844 844 844 844 844 844 844 844 844 844 844 844 844 844 844 844 844 844 846 882 882 882 882 882 882 882 940 941 941 942 882 882 882 882 882 882 841 842 853 844 844 844 844 844 844 844 844 844 844 844 844 844 844 844 844 844 844 844 844 844 844 844 844 844 844 844 844 844 844 844 844 844 844 844 844 844 844 844 
844 844 844 844 844 844 844 844 844 844 844 844 844 844 844 844 844 844 844 844 844 844 844 844 844 844 844 844 844 844 844 844 844 844 844 844 844 844 844 844 846 882 882 882 882 882 882 882 940 941 941 942 882 882 882 882 882 882 845 844 844 844 844 844 844 844 844 844 844 844 844 844 844 844 844 844 844 844 844 844 844 844 844 844 844 844 844 844 844 844 844 844 844 844 844 844 844 844 844 844 
844 844 844 844 844 844 844 844 844 844 844 844 844 844 844 844 844 844 844 844 844 844 844 844 844 844 844 844 844 844 844 844 844 844 844 844 844 844 844 844 846 882 882 882 882 882 946 882 940 941 941 942 882 946 882 882 882 882 845 844 844 844 844 844 844 844 844 844 844 844 844 844 844 844 844 844 844 844 844 844 844 844 844 844 844 844 844 844 844 844 844 844 844 844 844 844 844 844 844 844 
844 844 844 844 844 844 844 844 844 844 844 844 844 844 844 844 844 844 844 844 844 844 844 844 844 844 844 844 844 844 844 844 844 844 844 844 844 844 844 844 846 882 882 882 882 882 947 882 940 941 941 942 882 947 882 882 882 882 845 844 844 844 844 844 844 844 844 844 844 844 844 844 844 844 844 844 844 844 844 844 844 844 844 844 844 844 844 844 844 844 844 844 844 844 844 844 844 844 844 844 
844 844 844 844 844 844 844 844 844 844 844 844 844 844 844 844 844 844 844 844 844 844 844 844 844 844 844 844 844 844 844 844 844 844 844 844 844 844 844 844 846 882 882 882 882 882 948 882 940 941 941 942 882 948 882 882 882 882 845 844 844 844 844 844 844 844 844 844 844 844 844 844 844 844 844 844 844 844 844 844 844 844 844 844 844 844 844 844 844 844 844 844 844 844 844 844 844 844 844 844 
844 844 844 844 844 844 844 844 844 844 844 844 844 844 844 844 844 844 844 844 844 844 844 844 844 844 844 844 844 844 844 844 844 844 844 844 844 844 844 844 852 843 882 882 882 882 949 882 940 941 941 942 882 949 882 882 882 882 845 844 844 844 844 844 844 844 844 844 844 844 844 844 844 844 844 844 844 844 844 844 844 844 844 844 844 844 844 844 844 844 844 844 844 844 844 844 844 844 844 844 
844 844 844 844 844 844 844 844 844 844 844 844 844 844 844 844 844 844 844 844 844 844 844 844 844 844 844 844 844 844 844 844 844 844 844 844 844 844 844 844 844 846 882 882 882 882 950 882 940 941 941 942 882 950 882 882 882 882 845 844 844 844 844 844 844 844 844 844 844 844 844 844 844 844 844 844 844 844 844 844 844 844 844 844 844 844 844 844 844 844 844 844 844 844 844 844 844 844 844 844 
844 844 844 844 844 844 844 844 844 844 844 844 844 844 844 844 844 844 844 844 844 844 844 844 844 844 844 844 844 844 844 844 844 844 844 844 844 844 844 844 844 846 882 882 882 882 882 882 940 941 941 942 882 882 882 882 882 882 845 844 844 844 844 844 844 844 844 844 844 844 844 844 844 844 844 844 844 844 844 844 844 844 844 844 844 844 844 844 844 844 844 844 844 844 844 844 844 844 844 844 
844 844 844 844 844 844 844 844 844 844 844 844 844 844 844 844 844 844 844 844 844 844 844 844 844 844 844 844 844 844 844 844 844 844 844 844 844 844 844 844 844 846 882 882 882 882 882 882 943 944 944 945 882 882 882 882 882 882 845 844 844 844 844 844 844 844 844 844 844 844 844 844 844 844 844 844 844 844 844 844 844 844 844 844 844 844 844 844 844 844 844 844 844 844 844 844 844 844 844 844 
844 844 844 844 844 844 844 844 844 844 844 844 844 844 844 844 844 844 844 844 844 844 844 844 844 844 844 844 844 844 844 844 844 844 844 844 844 844 844 844 844 846 882 882 882 882 882 882 882 882 882 882 882 882 882 882 882 882 845 844 844 844 844 844 844 844 844 844 844 844 844 844 844 844 844 844 844 844 844 844 844 844 844 844 844 844 844 844 844 844 844 844 844 844 844 844 844 844 844 844 
844 844 844 844 844 844 844 844 844 844 844 844 844 844 844 844 844 844 844 844 844 844 844 844 844 844 844 844 844 844 844 844 844 844 844 844 844 844 844 844 844 846 882 882 882 882 882 882 882 882 882 882 882 882 882 882 882 882 845 844 844 844 844 844 844 844 844 844 844 844 844 844 844 844 844 844 844 844 844 844 844 844 844 844 844 844 844 844 844 844 844 844 844 844 844 844 844 844 844 844 
844 844 844 844 844 844 844 844 844 844 844 844 844 844 844 844 844 844 844 844 844 844 844 844 844 844 844 844 844 844 844 844 844 844 844 844 844 844 844 844 844 846 882 882 882 882 882 882 882 882 882 882 882 882 882 882 882 882 845 844 844 844 844 844 844 844 844 844 844 844 844 844 844 844 844 844 844 844 844 844 844 844 844 844 844 844 844 844 844 844 844 844 844 844 844 844 844 844 844 844 
844 844 844 844 844 844 844 844 844 844 844 844 844 844 844 844 844 844 844 844 844 844 844 844 844 844 844 844 844 844 844 844 844 844 844 844 844 844 844 844 844 852 842 842 842 842 842 842 843 882 882 841 842 842 842 842 842 842 853 844 844 844 844 844 844 844 844 844 844 844 844 844 844 844 844 844 844 844 844 844 844 844 844 844 844 844 844 844 844 844 844 844 844 844 844 844 844 844 844 844 
844 844 844 844 844 844 844 844 844 844 844 844 844 844 844 844 844 844 844 844 844 844 844 844 844 844 844 844 844 844 844 844 844 844 844 844 844 844 844 844 844 844 844 844 844 844 844 844 846 918 918 845 844 844 844 844 844 844 844 844 844 844 844 844 844 844 844 844 844 844 844 844 844 844 844 844 844 844 844 844 844 844 844 844 844 844 844 844 844 844 844 844 844 844 844 844 844 844 844 844 
844 844 844 844 844 844 844 844 844 844 844 844 844 844 844 844 844 844 844 844 844 844 844 844 844 844 844 844 844 844 844 844 844 844 844 844 844 844 844 844 844 844 844 844 844 844 844 844 844 844 844 844 844 844 844 844 844 844 844 844 844 844 844 844 844 844 844 844 844 844 844 844 844 844 844 844 844 844 844 844 844 844 844 844 844 844 844 844 844 844 844 844 844 844 844 844 844 844 844 844 
844 844 844 844 844 844 844 844 844 844 844 844 844 844 844 844 844 844 844 844 844 844 844 844 844 844 844 844 844 844 844 844 844 844 844 844 844 844 844 844 844 844 844 844 844 844 844 844 844 844 844 844 844 844 844 844 844 844 844 844 844 844 844 844 844 844 844 844 844 844 844 844 844 844 844 844 844 844 844 844 844 844 844 844 844 844 844 844 844 844 844 844 844 844 844 844 844 844 844 844 
844 844 844 844 844 844 844 844 844 844 844 844 844 844 844 844 844 844 844 844 844 844 844 844 844 844 844 844 844 844 844 844 844 844 844 844 844 844 844 844 844 844 844 844 844 844 844 844 844 844 844 844 844 844 844 844 844 844 844 844 844 844 844 844 844 844 844 844 844 844 844 844 844 844 844 844 844 844 844 844 844 844 844 844 844 844 844 844 844 844 844 844 844 844 844 844 844 844 844 844 
844 844 844 844 844 844 844 844 844 844 844 844 844 844 844 844 844 844 844 844 844 844 844 844 844 844 844 844 844 844 844 844 844 844 844 844 844 844 844 844 844 844 844 844 844 844 844 844 844 844 844 844 844 844 844 844 844 844 844 844 844 844 844 844 844 844 844 844 844 844 844 844 844 844 844 844 844 844 844 844 844 844 844 844 844 844 844 844 844 844 844 844 844 844 844 844 844 844 844 844 
844 844 844 844 844 844 844 844 844 844 844 844 844 844 844 844 844 844 844 844 844 844 844 844 844 844 844 844 844 844 844 844 844 844 844 844 844 844 844 844 844 844 844 844 844 844 844 844 844 844 844 844 844 844 844 844 844 844 844 844 844 844 844 844 844 844 844 844 844 844 844 844 844 844 844 844 844 844 844 844 844 844 844 844 844 844 844 844 844 844 844 844 844 844 844 844 844 844 844 844 
