66 66 66 66 66 66 66 66 66 66 66 66 66 66 66 66 66 66 66 66 66 66 66 66 66 66 66 66 66 66 66 66 66 754 840 840 840 840 840 840 840 840 840 753 744 840 840 755 746 747 747 749 760 840 840 751 752 840 840 840 840 840 840 840 840 840 751 66 66 66 66 66 66 66 66 66 66 66 66 66 66 66 66 66 66 66 66 66 66 66 66 66 66 66 66 66 66 66 66 66 
66 66 66 66 66 66 66 66 66 66 66 66 66 66 66 66 66 66 66 66 66 66 66 66 66 66 66 66 66 66 66 66 66 754 840 840 840 840 840 840 840 840 840 753 744 840 840 755 746 747 747 749 760 840 840 751 752 840 840 840 840 840 840 840 840 840 751 66 66 66 66 66 66 66 66 66 66 66 66 66 66 66 66 66 66 66 66 66 66 66 66 66 66 66 66 66 66 66 66 66 
66 66 66 66 66 66 66 66 66 66 66 66 66 66 66 66 66 66 66 66 66 66 66 66 66 66 66 66 66 66 66 66 66 754 840 840 840 840 840 840 840 840 840 753 744 840 840 755 746 747 747 749 760 840 840 751 752 840 840 840 840 840 840 840 840 840 751 66 66 66 66 66 66 66 66 66 66 66 66 66 66 66 66 66 66 66 66 66 66 66 66 66 66 66 66 66 66 66 66 66 
66 66 66 66 66 66 66 66 66 66 66 66 66 66 66 66 66 66 66 66 66 66 66 66 66 66 66 66 66 66 66 66 66 754 840 840 840 840 840 840 840 840 840 753 744 840 840 755 746 747 748 749 760 840 840 751 752 840 840 840 840 840 840 840 840 840 751 66 66 66 66 66 66 66 66 66 66 66 66 66 66 66 66 66 66 66 66 66 66 66 66 66 66 66 66 66 66 66 66 66 
66 66 66 66 66 66 66 66 66 66 66 66 66 66 66 66 66 66 66 66 66 66 66 66 66 66 66 66 66 66 66 66 66 754 840 840 840 840 840 840 840 840 840 763 764 840 840 755 765 766 767 768 760 840 840 763 764 840 840 840 840 840 840 840 840 840 751 66 66 66 66 66 66 66 66 66 66 66 66 66 66 66 66 66 66 66 66 66 66 66 66 66 66 66 66 66 66 66 66 66 
66 66 66 66 66 66 66 66 66 66 66 66 66 66 66 66 66 66 66 66 66 66 66 66 66 66 66 66 66 66 66 66 769 769 779 779 779 779 779 779 779 779 779 781 782 780 780 773 774 775 776 777 778 780 780 781 782 779 779 779 779 779 779 779 779 779 769 770 66 66 66 66 66 66 66 66 66 66 66 66 66 66 66 66 66 66 66 66 66 66 66 66 66 66 66 66 66 66 66 66 
66 66 66 66 66 66 66 66 66 66 66 66 66 66 66 66 66 66 66 66 66 66 66 66 66 66 66 66 66 66 66 66 771 772 790 791 784 790 791 784 790 791 784 783 784 790 791 785 786 787 787 788 789 790 791 783 784 792 790 791 792 790 791 792 790 791 771 772 66 66 66 66 66 66 66 66 66 66 66 66 66 66 66 66 66 66 66 66 66 66 66 66 66 66 66 66 66 66 66 66 
66 66 66 66 66 66 66 66 66 66 66 66 66 66 66 66 66 66 66 66 66 66 66 66 66 66 66 66 66 66 66 66 804 805 802 803 784 802 803 784 802 803 784 804 805 802 803 796 797 798 799 800 801 802 803 804 805 792 802 803 792 802 803 792 802 803 804 805 66 66 66 66 66 66 66 66 66 66 66 66 66 66 66 66 66 66 66 66 66 66 66 66 66 66 66 66 66 66 66 66 
66 66 66 66 66 66 66 66 66 66 66 66 66 66 66 66 66 66 66 66 66 66 66 66 66 66 66 66 66 66 66 262 806 807 814 815 784 814 815 784 814 815 784 816 817 814 815 808 809 810 811 812 813 814 815 816 817 792 814 815 792 814 815 792 814 815 806 807 262 66 66 66 66 66 66 66 66 66 66 66 66 66 66 66 66 66 66 66 66 66 66 66 66 66 66 66 66 66 66 66 
66 66 66 66 66 66 66 66 66 66 66 66 66 66 66 66 66 66 66 66 66 66 66 66 66 66 66 66 66 66 262 511 828 829 826 826 826 826 826 826 826 826 826 818 819 826 826 820 821 822 823 824 825 826 827 828 829 827 827 827 827 827 827 827 827 827 828 829 512 262 66 66 66 66 66 66 66 66 66 66 66 66 66 66 66 66 66 66 66 66 66 66 66 66 66 66 66 66 66 66 
66 66 66 66 66 66 66 66 66 66 66 66 66 66 66 66 66 66 66 66 66 66 66 66 66 66 66 66 66 66 262 524 830 831 536 536 543 536 677 537 536 536 536 830 831 536 675 832 833 834 835 836 837 536 536 838 839 536 536 536 536 675 536 545 537 675 830 831 525 262 66 66 66 66 66 66 66 66 66 66 66 66 66 66 66 66 66 66 66 66 66 66 66 66 66 66 66 66 66 66 
66 66 66 66 66 66 66 66 66 66 66 66 66 66 66 66 66 66 66 66 66 66 66 66 66 66 66 66 66 66 262 524 536 536 536 536 536 537 542 675 536 536 677 536 536 536 536 536 536 536 536 536 675 536 677 536 536 677 536 675 677 536 538 539 544 536 677 536 525 262 66 66 66 66 66 66 66 66 66 66 66 66 66 66 66 66 66 66 66 66 66 66 66 66 66 66 66 66 66 66 
66 66 66 66 66 66 66 66 66 66 66 66 66 66 66 66 66 66 66 66 66 66 66 66 66 66 66 66 66 66 262 524 536 536 536 536 677 538 539 536 536 536 536 536 536 677 536 536 536 536 536 536 536 536 536 536 536 536 536 536 536 536 540 541 536 536 675 536 525 262 66 66 66 66 66 66 66 66 66 66 66 66 66 66 66 66 66 66 66 66 66 66 66 66 66 66 66 66 66 66 
293 293 508 66 66 66 66 66 66 66 66 66 66 66 66 66 66 66 66 66 66 66 66 66 66 66 66 66 66 66 262 524 536 536 536 536 536 540 541 545 536 536 675 536 536 536 536 536 536 675 536 536 536 536 536 536 536 536 677 536 536 545 536 543 537 536 536 677 525 262 66 66 66 66 66 66 66 66 66 66 507 293 293 293 293 293 293 293 293 293 508 66 66 66 66 66 66 66 66 66 
296 296 297 293 293 293 508 66 66 66 66 66 66 66 66 66 66 66 66 66 66 66 66 66 66 66 66 66 66 66 262 529 514 514 514 514 514 514 514 514 514 514 514 514 514 514 514 514 515 536 536 677 516 514 514 514 514 514 514 514 514 514 514 514 514 514 514 514 530 262 66 66 66 66 66 66 507 293 293 293 294 296 296 296 296 296 296 296 296 296 298 293 293 293 293 293 293 293 508 66 
296 296 296 296 296 296 298 293 293 293 293 293 293 293 293 293 293 293 293 293 293 293 293 293 508 138 138 138 138 138 138 262 507 293 293 293 293 293 293 293 293 293 293 293 293 293 293 293 731 732 732 732 733 293 293 293 293 293 293 293 508 262 262 262 262 262 262 262 262 137 137 507 293 293 293 293 294 296 296 296 296 296 296 296 301 296 296 296 296 296 296 296 296 296 296 296 296 296 297 293 
296 302 296 296 296 296 296 296 296 302 296 296 296 296 296 296 296 296 296 296 296 296 296 296 298 293 293 293 293 293 293 293 294 296 296 296 296 296 296 296 296 296 296 296 296 296 301 296 734 735 735 735 736 296 296 296 296 296 296 296 298 293 293 293 508 137 507 293 293 293 293 294 296 296 296 296 296 296 296 296 296 296 296 296 296 296 296 296 296 296 296 296 296 296 296 296 296 296 296 296 
296 296 296 301 296 296 296 296 296 296 296 296 296 296 296 296 296 296 301 296 296 296 296 296 296 301 296 296 296 296 296 296 296 296 296 296 296 296 302 296 296 296 296 296 296 296 296 296 737 735 735 735 739 296 296 301 296 302 296 296 296 296 296 296 297 293 294 296 296 296 296 296 296 296 296 296 296 296 296 296 296 296 296 296 296 302 302 296 296 296 296 296 296 296 296 296 296 296 296 296 
296 296 296 296 296 296 296 296 296 296 296 296 296 296 296 296 296 296 296 296 296 296 302 296 296 296 296 296 296 296 296 296 296 296 296 296 296 296 296 296 296 296 296 296 296 296 296 296 734 735 735 735 736 296 296 296 296 296 296 296 296 296 296 296 296 296 296 296 296 296 301 296 296 296 296 296 296 296 296 296 296 296 296 296 296 296 296 304 296 296 296 305 296 296 296 296 296 296 296 296 
296 296 296 296 296 296 296 296 296 301 296 296 296 296 296 302 296 296 296 296 296 296 296 296 296 296 296 296 296 296 296 296 296 296 302 296 296 296 296 296 296 296 296 301 296 296 296 296 737 738 738 738 739 296 296 296 296 296 296 296 296 296 296 296 296 296 296 296 296 296 296 296 304 296 296 296 296 296 296 296 296 301 296 296 296 305 296 296 303 296 296 296 296 296 296 296 296 296 296 296 
296 296 296 296 296 296 296 302 296 296 296 296 296 296 296 296 296 296 296 296 296 296 296 296 296 296 296 302 296 296 296 296 296 296 296 296 296 303 296 296 296 296 296 296 296 302 296 296 734 738 738 738 736 296 302 304 296 296 296 296 296 296 296 296 296 296 303 302 296 296 296 296 296 296 296 304 296 296 296 296 296 296 296 296 304 296 296 304 296 305 296 296 296 296 305 296 296 296 296 296 
289 289 289 290 296 296 296 296 296 296 296 296 296 296 296 288 289 289 289 289 289 289 290 296 296 296 296 296 296 296 296 296 296 296 296 301 296 296 296 305 304 296 296 296 296 296 296 296 737 735 735 735 739 296 296 305 303 296 296 296 296 301 296 304 296 296 296 296 296 296 296 296 296 296 296 296 305 303 296 296 288 290 296 288 289 289 289 289 289 289 289 289 289 289 289 289 289 289 289 289 
66 66 66 509 289 289 289 289 289 289 289 289 289 289 289 307 262 138 138 138 138 138 306 289 289 289 289 289 289 289 289 289 290 296 296 296 296 305 304 296 288 289 289 289 289 289 289 289 740 741 741 741 742 289 289 289 289 289 290 296 296 296 296 296 303 304 296 296 296 296 296 288 289 289 289 289 289 289 289 289 307 509 289 510 262 66 701 702 711 712 711 712 711 712 711 711 711 711 711 711 
711 712 711 712 711 712 711 712 711 712 711 712 721 722 262 262 11 66 66 66 66 66 66 66 235 66 66 66 66 66 66 66 509 289 289 289 289 289 289 289 510 66 66 66 66 66 235 66 524 676 523 523 525 66 11 66 66 66 509 289 289 290 296 305 288 289 289 289 289 289 289 510 66 66 66 66 262 66 66 66 66 66 66 66 238 239 703 706 715 714 715 714 715 714 713 714 713 714 713 714 
714 713 714 713 714 713 714 713 714 713 714 713 714 726 66 66 66 66 238 239 66 66 66 3 66 66 66 66 66 262 66 66 66 11 66 11 66 66 66 287 66 66 66 66 66 66 3 66 524 523 677 523 525 66 66 66 236 66 66 66 66 509 289 289 510 66 66 66 66 66 66 66 66 66 66 66 66 66 66 66 66 236 66 66 66 66 705 706 715 714 715 714 715 714 715 714 715 714 715 714 
714 713 714 713 714 713 714 713 714 713 714 713 714 726 66 66 66 66 66 66 66 66 66 66 66 67 68 66 66 66 66 66 66 66 66 66 66 262 66 66 66 66 238 239 66 66 66 66 524 523 523 523 525 66 66 66 66 66 66 262 66 66 66 67 68 66 66 66 66 66 11 11 262 66 66 66 3 66 66 66 262 66 66 66 66 66 705 706 715 714 715 714 715 714 715 714 715 714 715 714 
714 713 714 713 714 713 714 713 714 713 714 713 714 726 66 66 66 66 66 66 66 66 66 66 66 69 70 66 66 66 66 66 66 66 66 66 66 66 66 66 66 66 66 66 66 66 66 262 524 523 523 676 525 238 239 66 66 66 66 11 66 66 66 69 70 66 66 66 262 66 66 66 66 66 66 66 66 66 66 66 66 66 66 287 66 66 705 706 715 714 715 714 715 714 715 714 715 714 715 714 
714 713 714 713 714 713 714 713 714 713 714 713 714 726 66 66 287 66 66 66 66 66 66 66 66 71 72 66 66 66 236 66 66 66 66 66 66 235 66 66 66 66 66 66 11 66 66 66 524 523 523 523 525 66 66 66 66 66 66 66 66 66 66 71 72 66 66 66 3 66 66 66 66 66 66 66 66 66 66 67 68 66 66 66 66 66 705 706 715 714 715 714 715 714 715 714 715 714 715 714 
714 713 714 713 714 713 714 713 714 713 714 713 714 726 66 66 66 66 66 66 262 66 11 66 66 66 66 66 66 66 66 66 66 11 66 66 66 66 66 66 66 66 67 68 66 66 66 66 524 523 523 677 525 66 66 66 66 66 66 66 238 239 66 66 66 66 66 66 66 287 66 66 66 66 66 66 66 66 66 69 70 66 3 66 262 66 705 706 715 714 715 714 715 714 715 714 715 714 715 714 
714 713 714 713 714 713 714 713 714 713 714 713 714 726 66 66 66 66 66 66 66 66 3 66 66 66 66 66 66 66 66 66 66 66 66 66 66 66 66 66 66 66 69 70 66 66 66 66 524 523 523 523 525 262 66 11 66 66 66 66 66 66 66 66 11 66 66 66 66 287 66 66 238 239 66 66 66 262 66 71 72 66 3 11 66 66 705 706 715 714 715 714 715 714 715 714 715 714 715 714 
714 713 714 713 714 713 714 713 714 713 714 713 714 726 66 66 66 66 66 66 66 66 66 66 66 66 235 66 66 66 66 66 66 66 66 66 66 66 66 66 66 66 71 72 66 235 66 66 524 523 523 523 525 483 66 66 66 66 66 66 66 66 66 3 66 66 66 66 66 66 66 66 66 66 66 66 66 66 66 66 66 66 66 66 66 66 705 706 715 714 715 714 715 714 715 714 715 714 715 714 
714 713 714 713 714 713 714 713 714 713 714 713 714 726 66 66 66 66 235 66 66 66 66 66 66 287 66 66 11 66 66 262 66 66 66 66 66 66 66 66 66 262 66 66 66 66 66 66 524 523 676 523 525 487 66 66 236 66 66 66 66 262 66 66 66 66 66 66 66 66 66 66 66 66 66 66 66 11 66 66 66 66 66 66 66 66 705 706 715 714 715 714 715 714 715 714 715 714 715 714 
714 713 714 713 714 713 714 713 714 713 714 713 714 726 66 66 66 287 66 66 66 66 66 66 66 66 66 66 66 66 66 66 66 66 66 66 66 238 239 66 66 66 66 66 66 66 66 66 524 544 523 523 525 487 66 66 66 66 66 66 66 66 66 66 66 66 236 66 66 66 262 66 66 66 66 66 66 66 66 66 66 66 66 66 66 66 705 706 715 714 715 714 715 714 715 714 715 714 715 714 
714 713 714 713 714 713 714 713 714 713 714 713 714 726 66 66 66 66 66 66 66 262 66 66 66 66 66 66 66 66 66 66 66 235 66 66 66 66 66 66 66 66 66 66 66 66 66 66 524 537 523 523 525 487 66 66 66 66 66 66 11 66 66 66 66 66 66 66 66 66 66 66 66 66 3 66 66 66 66 66 66 3 66 66 66 66 705 706 715 714 715 714 715 714 715 714 715 714 715 714 
714 713 714 713 714 713 714 713 714 713 714 713 714 726 66 66 66 66 66 66 66 66 66 66 237 239 66 66 66 66 66 66 66 66 66 66 66 66 66 66 66 66 66 11 66 66 66 66 524 523 677 523 525 487 66 66 66 66 287 66 66 66 66 66 66 262 66 66 66 11 66 66 66 66 66 66 66 66 66 66 66 3 66 66 66 66 705 706 715 714 715 714 715 714 715 714 715 714 715 714 
714 713 714 713 714 713 714 713 714 713 714 713 714 726 66 66 67 68 66 66 66 66 66 66 66 66 66 66 66 66 66 66 66 66 66 66 66 66 66 66 66 66 66 66 66 67 68 66 524 523 523 523 525 491 66 66 66 66 66 66 66 66 66 66 66 66 66 66 66 11 66 66 66 66 66 262 66 66 66 66 66 66 66 66 66 66 705 706 715 714 715 714 715 714 715 714 715 714 715 714 
714 713 714 713 714 713 714 713 714 713 714 713 714 726 66 66 69 70 66 66 11 66 66 66 66 66 66 66 66 66 66 66 66 66 66 66 66 66 66 66 66 66 66 66 66 69 70 66 524 523 523 523 525 66 66 262 66 66 66 66 66 66 66 66 66 66 66 66 66 66 66 66 238 239 66 66 66 66 66 66 287 66 66 66 236 66 705 706 715 714 715 714 715 714 715 714 715 714 715 714 
714 713 714 713 714 713 714 713 714 713 714 713 714 726 66 66 71 72 66 66 66 66 66 66 66 66 66 66 66 66 66 66 66 66 66 66 262 66 66 66 66 66 66 66 66 71 72 511 518 523 676 523 517 512 66 66 66 66 66 11 66 66 238 239 236 66 66 66 66 66 66 66 66 66 66 66 66 66 66 66 66 66 11 66 66 66 705 706 715 714 715 714 715 714 715 714 715 714 715 714 
714 713 714 713 714 713 714 713 714 713 714 713 714 726 66 66 66 66 66 66 66 66 66 66 66 66 66 236 66 66 66 66 66 66 66 66 66 66 66 66 66 66 35 66 66 511 513 518 549 523 523 523 677 517 513 512 66 66 262 66 66 66 66 66 66 66 66 67 68 66 66 511 513 513 513 513 513 512 66 66 66 66 66 66 66 66 705 706 715 714 715 714 715 714 715 714 715 714 715 714 
714 713 714 713 714 713 714 713 714 713 714 713 714 726 66 66 66 66 66 66 66 66 66 3 66 66 66 66 66 66 262 66 11 66 66 66 66 66 66 66 66 66 66 511 518 523 523 545 523 523 677 523 523 553 554 555 517 512 136 136 136 136 136 66 66 66 66 69 70 66 66 524 605 606 607 608 609 525 66 66 66 66 66 262 66 66 705 706 715 714 715 714 715 714 715 714 715 714 715 714 
714 713 714 713 714 713 714 713 714 713 714 713 714 726 66 238 239 66 66 66 136 136 136 136 136 136 136 287 136 136 136 136 136 136 3 136 136 136 136 67 68 136 511 518 556 557 558 523 523 523 523 523 523 565 523 566 537 517 512 136 67 68 136 136 136 136 136 71 72 11 136 524 610 611 612 613 614 525 262 136 136 136 136 136 136 136 705 706 715 714 715 714 715 714 715 714 715 714 715 714 
714 713 714 713 714 713 714 713 714 713 714 713 714 726 136 136 136 511 513 513 513 512 136 136 136 136 136 136 136 136 136 136 136 511 513 513 513 512 136 69 70 511 518 545 567 523 568 544 523 523 523 523 523 543 546 523 523 523 517 512 69 70 136 136 136 136 136 136 136 136 136 524 615 616 617 618 619 517 513 513 513 513 512 136 136 136 705 706 715 714 715 714 715 714 715 714 715 714 715 714 
714 713 714 713 714 713 714 713 714 713 714 713 714 726 511 513 513 518 574 575 576 517 512 137 511 513 513 512 136 287 511 513 513 518 574 575 576 517 134 71 72 524 523 676 523 546 549 523 523 523 523 523 523 523 523 523 677 523 523 525 71 72 511 513 513 513 512 136 262 136 136 529 514 515 523 516 515 620 621 622 623 624 525 136 136 136 705 706 715 714 715 714 715 714 715 714 715 714 715 714 
714 713 714 713 714 713 714 713 714 713 714 713 715 726 524 577 578 579 580 581 582 583 517 513 518 655 656 517 513 512 524 577 578 579 580 581 582 583 525 136 511 518 523 523 523 523 523 523 523 523 523 523 523 523 523 523 523 523 523 517 512 136 524 643 644 645 517 513 513 513 513 513 512 524 523 525 524 625 626 627 628 629 525 136 262 136 705 706 715 714 715 714 715 714 715 714 715 714 715 714 
717 718 717 718 717 718 717 718 717 718 717 718 727 728 524 584 585 586 587 588 589 590 523 657 658 659 660 661 662 525 524 584 585 586 587 588 589 590 525 136 524 544 545 523 523 523 523 523 680 681 523 680 681 523 675 523 523 559 560 561 525 35 524 646 647 648 676 605 606 607 608 609 525 524 523 525 524 630 631 632 633 634 525 136 136 136 707 708 717 718 717 718 717 718 717 718 717 718 717 718 
719 720 719 720 719 720 719 720 719 720 719 720 729 730 524 591 592 593 594 595 596 597 523 663 664 665 666 667 668 517 518 591 592 593 595 595 596 597 525 511 518 543 549 523 677 523 523 523 516 514 514 514 515 523 523 523 537 569 523 570 517 512 524 649 650 651 523 610 611 612 613 614 525 524 523 525 524 635 636 637 638 639 525 136 225 136 709 710 719 720 719 720 719 720 719 720 719 720 719 720 
513 513 513 513 513 513 513 513 513 518 538 539 517 513 518 598 599 600 601 602 603 604 523 669 670 671 672 673 674 538 539 598 599 600 601 602 603 604 517 518 680 681 523 523 523 523 523 516 530 507 293 508 529 515 523 523 545 549 677 523 543 525 524 652 653 654 523 615 616 617 618 619 517 518 523 517 518 640 641 642 538 539 517 513 513 513 518 538 539 537 544 548 523 517 513 513 513 513 513 513 
523 677 523 523 523 523 523 523 523 545 540 541 544 523 523 677 523 523 523 523 523 523 523 523 523 523 523 523 523 540 541 544 523 523 523 523 523 537 523 523 523 523 523 523 523 523 675 525 507 294 296 298 508 524 678 523 523 523 523 523 523 523 537 523 523 546 544 523 523 523 677 523 523 537 523 677 523 523 523 545 540 541 677 523 523 523 676 540 541 538 539 523 523 523 523 523 523 523 523 523 
523 523 523 523 523 523 523 523 543 538 539 537 523 523 523 523 523 523 523 523 523 523 523 677 523 523 523 523 523 523 523 523 523 523 523 523 523 523 676 523 523 523 523 523 523 523 678 525 509 290 296 296 291 524 679 523 523 523 523 523 523 523 523 523 523 676 523 523 523 523 523 523 523 523 523 523 523 523 523 523 523 523 523 523 523 523 523 523 537 540 541 523 677 523 523 523 523 676 523 523 
523 523 523 523 523 677 523 523 537 540 541 544 523 523 523 523 523 523 523 523 523 523 523 523 523 523 523 523 523 523 523 677 523 523 523 523 523 523 523 537 544 523 523 523 523 523 679 525 262 292 296 288 510 524 523 523 523 523 523 677 523 523 523 523 523 523 523 523 523 680 681 523 523 523 523 523 676 523 523 523 523 523 523 523 523 523 680 681 523 537 544 523 523 523 523 523 523 523 523 676 
514 514 514 514 514 514 514 515 523 537 536 537 516 514 514 514 514 514 514 514 514 514 514 514 514 514 514 514 514 514 514 514 514 514 514 514 514 514 514 515 523 523 523 677 523 523 523 517 512 509 289 510 511 518 523 676 523 523 523 523 523 516 514 514 514 514 515 536 516 514 514 514 514 514 514 514 514 514 514 514 514 514 514 514 514 514 514 514 515 546 537 523 523 516 514 514 514 514 514 514 
711 712 711 712 711 712 711 712 711 712 711 712 711 712 721 689 688 689 688 689 721 722 66 262 66 66 225 246 247 247 247 247 247 247 248 66 137 67 68 529 515 523 523 523 523 523 523 676 517 513 513 513 518 523 523 523 523 523 523 523 516 530 67 68 134 483 524 536 525 134 513 513 513 513 513 134 136 136 67 68 136 136 136 262 136 701 702 711 712 711 712 711 712 711 712 711 712 711 712 711 
713 714 713 714 713 714 713 714 713 714 713 714 713 714 713 714 713 714 713 714 713 724 66 66 66 66 66 66 66 66 66 66 66 66 66 66 137 69 70 137 524 523 523 523 677 523 523 523 675 523 556 557 558 523 523 523 523 523 523 523 525 135 69 70 134 487 524 536 525 524 605 606 607 608 609 525 487 136 69 70 136 11 136 136 136 703 704 713 714 713 714 713 714 713 714 713 714 713 714 713 
713 714 713 714 713 714 713 714 713 714 713 714 713 714 713 714 713 714 713 714 713 726 66 287 238 239 136 66 66 3 66 66 66 66 66 66 137 71 72 137 529 515 523 523 523 523 523 523 523 523 567 523 568 537 523 523 523 677 678 516 530 136 71 72 136 487 524 536 525 524 625 626 627 628 629 525 483 136 71 72 136 136 287 136 136 705 704 713 714 713 714 713 714 713 714 713 714 713 714 713 
713 714 713 714 713 714 713 714 713 714 713 714 713 714 713 714 713 714 713 714 713 726 136 136 136 136 136 66 66 7 66 66 66 136 136 136 137 137 137 137 137 524 523 523 523 523 523 523 523 523 546 523 545 523 523 523 523 523 679 525 136 136 136 136 136 491 524 536 525 524 630 631 632 633 634 525 483 136 136 136 136 136 136 136 136 705 704 713 714 713 714 713 714 713 714 713 714 713 714 713 
713 714 713 714 713 714 713 714 713 714 713 714 713 714 713 714 713 714 713 714 713 726 136 137 137 136 136 136 136 66 66 66 66 136 136 136 137 137 137 137 137 529 515 537 538 539 523 523 523 523 523 523 523 523 523 523 543 544 516 530 136 136 136 136 236 136 524 536 525 524 635 636 637 638 639 525 491 136 136 136 136 136 136 136 136 705 704 713 714 713 714 713 714 713 714 713 714 713 714 713 
713 714 713 714 713 714 713 714 713 714 713 714 713 714 713 714 713 714 713 714 713 726 138 137 137 136 136 136 3 136 136 136 136 136 136 136 287 137 137 137 35 137 529 515 540 541 544 523 523 523 523 523 523 523 523 523 537 516 530 136 136 35 136 136 11 11 524 536 525 524 640 641 642 516 514 136 136 11 136 136 262 136 136 67 68 705 704 713 714 713 714 713 714 713 714 713 714 713 714 713 
713 714 713 714 713 714 713 714 713 714 713 714 713 714 713 714 713 714 713 714 713 726 136 136 136 67 68 136 136 136 136 136 262 136 136 136 137 137 137 137 137 137 137 529 514 515 523 523 676 523 523 523 523 523 523 516 514 530 67 68 136 136 136 136 136 136 524 536 517 518 536 536 536 525 136 136 136 136 136 136 136 136 136 69 70 705 704 713 714 713 714 713 714 713 714 713 714 713 714 713 
713 714 713 714 713 714 713 714 713 714 713 714 713 714 713 714 713 714 713 714 713 726 136 136 136 69 70 136 136 136 136 136 136 136 136 136 137 137 137 137 137 137 137 67 68 529 514 515 523 523 523 523 523 516 514 530 137 137 69 70 136 136 136 136 287 136 524 536 536 536 536 536 516 530 67 68 136 136 136 136 136 136 136 71 72 705 704 713 714 713 714 713 714 713 714 713 714 713 714 713 
713 714 713 714 713 714 713 714 713 714 713 714 713 714 713 714 713 714 713 714 713 726 136 136 136 71 72 136 136 136 136 136 136 136 136 136 137 137 137 137 137 137 137 69 70 137 137 529 515 536 536 536 516 530 137 137 137 137 71 72 136 235 136 136 136 136 529 514 514 514 514 514 530 137 69 70 136 136 136 136 136 136 136 136 136 705 704 713 714 713 714 713 714 713 714 713 714 713 714 713 
713 714 713 714 713 714 713 714 713 714 713 714 713 714 713 714 713 714 713 714 713 726 136 136 3 136 136 136 136 136 7 3 136 136 136 136 137 137 137 137 137 137 137 71 72 137 137 483 524 523 676 523 525 137 137 513 513 513 513 513 136 136 136 262 136 136 136 136 136 11 136 136 136 136 71 72 136 136 136 236 136 136 136 136 136 705 704 713 714 713 714 713 714 713 714 713 714 713 714 713 
713 714 713 714 713 714 713 714 713 714 713 714 713 714 713 714 713 714 713 714 713 726 136 136 136 136 136 287 136 136 136 136 136 136 136 238 239 137 137 137 137 137 137 137 137 137 137 487 524 523 523 523 525 3 524 605 606 606 607 609 525 136 136 136 136 136 136 136 136 136 3 136 136 136 136 136 136 136 136 136 136 136 136 136 136 705 704 713 714 713 714 713 714 713 714 713 714 713 714 713 
713 714 713 714 713 714 713 714 713 714 713 714 713 714 713 714 713 714 713 714 713 726 136 136 136 136 136 136 136 136 136 136 136 136 136 136 137 137 137 262 137 137 137 137 137 3 137 487 524 523 523 523 525 66 524 610 611 612 613 614 525 136 136 136 136 136 136 513 513 513 136 136 136 136 136 136 136 287 3 136 136 136 11 136 136 705 704 713 714 713 714 713 714 713 714 713 714 713 714 713 
713 714 713 714 713 714 713 714 713 714 713 714 713 714 713 714 713 714 713 714 713 726 136 7 136 136 511 513 513 513 513 513 512 136 136 136 137 137 137 137 137 137 137 287 137 137 137 487 524 523 677 523 517 513 518 615 616 617 618 619 517 136 136 511 513 513 518 574 575 576 517 136 136 136 136 136 136 136 136 136 136 136 136 136 136 705 704 713 714 713 714 713 714 713 714 713 714 713 714 713 
713 714 713 714 713 714 713 714 713 714 713 714 713 714 713 713 713 714 713 714 713 726 136 136 136 136 524 620 622 622 623 624 525 136 67 68 137 137 137 137 137 137 137 137 137 137 137 491 524 523 523 676 536 536 536 536 676 536 536 536 536 517 136 524 577 578 579 580 581 582 583 525 136 136 136 262 136 136 136 67 68 136 136 136 136 705 704 713 714 713 714 713 714 713 714 713 714 713 714 713 
713 714 713 714 713 714 713 714 713 714 715 716 715 716 715 716 715 716 713 723 725 726 136 136 262 136 524 625 626 627 628 629 525 136 69 70 137 137 137 137 511 513 513 512 137 137 137 137 524 678 523 536 536 536 536 536 536 536 536 676 536 536 517 518 584 585 586 587 588 589 590 525 136 136 136 136 136 136 136 69 70 136 136 136 136 705 704 713 714 713 714 713 714 713 714 713 714 713 714 713 
713 714 713 714 718 718 718 718 718 718 717 718 717 718 717 718 717 718 717 718 727 728 136 287 136 136 524 630 631 632 633 634 525 136 71 72 137 137 511 513 518 655 656 517 513 512 137 137 524 679 523 523 516 514 514 514 514 514 515 536 536 536 536 678 591 592 593 594 595 596 597 525 67 68 136 136 136 136 136 71 72 136 3 136 136 705 704 713 714 713 714 714 714 713 714 713 714 713 714 713 
719 719 719 719 719 719 719 719 719 719 719 719 719 720 719 720 719 720 719 720 719 730 136 136 136 136 524 635 636 637 638 639 525 136 136 136 137 137 524 657 658 659 660 661 662 525 137 262 524 523 523 523 525 236 137 137 137 137 136 515 536 677 536 679 598 599 600 601 602 603 604 525 69 70 136 136 11 136 136 136 136 136 136 136 136 705 704 713 714 713 714 714 714 713 714 713 714 713 714 713 
721 721 721 721 721 721 721 721 721 721 712 722 238 239 136 136 136 136 136 136 513 513 513 513 513 136 524 640 641 642 516 514 530 488 489 489 489 490 524 663 664 665 666 667 668 525 137 137 524 523 677 523 525 137 67 68 137 3 136 137 536 536 536 536 536 536 536 677 536 676 536 525 71 72 136 136 136 238 239 136 136 136 136 136 136 705 704 713 714 713 714 713 714 713 714 713 714 713 714 713 
713 714 713 714 713 714 713 714 713 714 713 724 136 7 11 136 136 136 136 524 605 606 607 608 609 525 529 515 536 536 517 513 513 513 513 513 513 513 518 669 670 671 672 673 674 517 513 513 518 523 523 523 525 137 69 70 137 137 137 518 643 644 645 536 676 536 536 677 536 536 536 525 136 136 3 136 136 136 136 136 136 136 136 262 136 705 704 713 714 713 714 713 714 713 714 713 714 713 714 713 
713 714 713 714 713 714 713 714 713 714 723 726 136 287 136 136 136 136 136 524 610 611 612 613 614 517 513 518 536 677 536 536 536 536 536 536 677 536 537 544 536 536 677 536 536 536 536 676 536 523 523 523 525 136 71 72 136 136 524 536 646 647 648 536 536 536 536 516 514 514 514 136 136 136 136 136 136 136 11 136 136 136 136 136 136 705 704 713 714 713 714 713 714 713 714 713 714 713 714 713 
713 714 713 714 713 714 713 714 713 714 723 726 136 136 136 136 136 236 136 524 615 616 617 618 619 536 536 676 536 536 536 536 536 536 536 676 536 536 536 536 536 536 536 536 536 536 536 676 536 523 676 523 525 488 489 489 490 225 524 678 649 650 651 536 536 516 514 136 136 136 136 136 136 136 136 136 136 136 136 136 136 136 136 136 136 705 704 713 714 713 714 713 714 713 714 713 714 713 714 713 
713 714 713 714 713 714 713 714 713 714 723 726 136 136 136 136 136 136 136 524 678 536 536 536 536 536 536 536 536 516 514 514 514 514 514 515 536 536 516 514 514 514 514 514 514 514 514 514 515 523 523 523 517 513 513 513 513 513 518 679 652 653 654 677 536 525 483 136 136 136 136 235 136 136 136 236 136 136 136 136 287 287 136 136 136 705 704 713 714 713 714 713 714 713 714 713 714 713 714 713 
713 714 713 714 713 714 713 714 713 714 723 726 136 136 136 3 136 136 136 524 679 536 676 536 536 677 536 536 516 530 225 136 136 136 136 524 536 536 525 511 513 513 513 513 513 513 513 512 524 523 677 523 536 536 536 536 536 676 536 536 536 536 536 536 536 525 491 11 136 136 136 136 136 136 136 136 136 136 136 136 136 136 136 136 136 705 704 713 714 713 714 713 714 713 714 713 714 713 714 713 
713 714 713 714 713 714 713 714 713 714 723 726 136 136 136 136 136 136 136 136 514 514 514 514 514 514 514 514 530 136 511 513 513 512 136 524 536 536 525 524 559 560 561 536 556 557 558 525 524 523 523 523 536 536 677 536 536 536 536 536 536 677 543 537 544 525 491 136 67 68 3 136 136 136 136 136 136 136 136 136 136 136 136 136 136 705 704 713 714 713 714 713 714 713 714 713 714 713 714 713 
713 714 713 714 713 714 713 714 713 714 723 726 136 11 136 136 136 136 136 136 136 492 493 493 494 136 136 136 511 513 518 655 656 517 513 518 536 536 525 524 569 548 570 537 567 549 568 517 518 676 523 523 516 514 514 514 514 514 514 514 514 514 514 514 514 136 491 136 69 70 136 136 136 136 136 136 136 136 136 67 68 136 11 136 136 705 704 713 714 713 714 713 714 713 714 713 714 713 714 713 
713 714 713 714 713 714 713 714 713 714 723 726 136 136 136 136 136 136 238 239 136 136 136 136 136 136 136 136 524 657 658 659 660 661 662 536 536 536 525 524 545 680 681 536 536 536 536 536 536 523 523 523 525 136 136 136 136 136 136 238 239 66 66 136 136 136 136 136 71 72 136 136 136 136 136 136 136 136 136 69 70 136 136 136 136 705 704 713 714 713 714 713 714 713 714 713 714 713 714 713 
713 714 713 714 713 714 713 714 713 714 723 726 136 136 136 136 136 136 136 136 136 136 136 136 11 136 136 136 524 663 664 665 666 667 668 536 676 536 525 529 514 514 514 514 514 514 514 514 515 523 523 677 525 11 136 511 513 513 512 136 136 66 66 35 136 511 513 513 513 513 513 512 136 136 136 262 136 136 136 71 72 136 136 136 136 705 704 713 714 713 714 713 714 713 714 713 714 713 714 713 
713 714 713 714 713 714 713 714 713 714 723 726 136 287 136 136 136 136 136 136 136 136 136 136 136 136 136 136 524 669 670 671 672 673 674 536 536 536 525 136 136 136 11 136 136 136 136 136 524 523 523 523 525 511 513 518 655 656 517 513 66 66 66 136 136 524 605 606 607 608 609 525 287 136 136 136 136 136 136 136 136 136 136 136 136 705 704 713 714 713 714 713 714 713 714 713 714 713 714 713 
713 714 713 714 713 714 713 714 713 714 723 726 136 136 136 136 136 136 136 136 287 136 136 136 136 136 136 136 524 544 536 536 536 536 536 536 536 536 517 513 513 513 512 136 238 239 136 483 524 523 523 523 525 524 657 658 659 660 661 662 512 136 66 136 136 524 610 611 612 613 614 525 136 3 136 11 136 136 136 136 136 136 136 136 136 705 704 713 714 713 714 713 714 713 714 713 714 713 714 713 
713 714 713 714 713 714 713 714 713 714 723 726 136 136 136 136 236 136 136 136 136 136 136 136 136 136 136 136 524 680 681 536 677 536 536 676 536 536 536 643 644 645 525 136 136 136 136 487 524 537 523 523 525 524 663 664 665 666 667 668 525 488 489 489 490 524 615 616 617 618 619 525 136 136 136 136 136 136 136 136 136 3 11 136 136 705 704 713 714 713 714 713 714 713 714 713 714 713 714 713 
713 714 713 714 713 714 713 714 713 714 723 726 136 136 136 136 136 136 136 136 136 136 136 136 136 136 136 136 529 514 514 514 514 514 514 515 536 536 536 646 647 648 525 136 136 136 136 487 524 678 677 523 517 518 669 670 671 672 673 674 517 513 513 513 513 518 536 536 536 516 514 530 136 136 136 136 136 136 136 136 136 136 136 136 136 705 704 713 714 713 714 713 714 713 714 713 714 713 714 713 
713 714 713 714 713 714 713 714 713 714 723 726 136 136 136 136 136 136 136 136 136 136 136 3 136 287 136 136 136 136 136 492 493 493 494 524 536 536 536 649 650 651 525 136 136 136 136 491 524 679 523 523 536 536 536 536 536 536 536 536 536 536 677 536 536 536 536 676 536 525 136 136 136 136 136 136 136 236 136 136 136 136 136 136 136 705 704 713 714 713 714 713 714 713 714 713 714 713 714 713 
713 714 713 714 713 714 713 714 713 714 723 726 136 136 136 136 11 136 136 136 136 136 11 136 136 136 136 136 136 136 136 136 136 136 136 524 536 677 536 652 653 654 525 136 136 136 136 136 524 523 676 523 536 536 536 536 677 536 536 536 536 676 536 536 536 536 677 536 545 525 136 136 136 136 136 136 136 136 136 136 136 136 287 136 136 705 704 713 714 713 714 713 714 713 714 713 714 713 714 713 
713 714 713 714 713 714 713 714 713 714 723 726 136 136 136 136 136 136 136 136 136 136 136 136 136 136 136 238 239 136 287 136 136 136 136 524 536 536 536 536 676 536 525 136 236 11 136 136 524 523 523 523 516 514 514 514 514 514 514 514 515 536 536 536 536 536 536 516 514 530 136 136 236 136 136 136 136 136 136 136 136 136 136 136 136 705 704 713 714 713 714 713 714 713 714 713 714 713 714 713 
713 714 713 714 713 714 713 714 713 714 723 726 136 11 136 136 287 136 136 136 136 136 136 136 136 136 136 136 136 136 136 136 136 236 136 524 680 681 537 536 536 536 525 136 136 236 136 136 524 677 523 523 525 136 136 11 492 493 494 136 524 536 536 677 643 644 645 525 11 136 136 136 136 136 136 136 11 136 136 136 136 11 11 136 136 705 704 713 714 713 714 713 714 713 714 713 714 713 714 713 
713 714 713 714 713 714 713 714 713 714 723 726 136 136 136 136 136 136 360 467 467 467 363 136 136 136 136 136 136 136 136 136 136 136 136 529 514 514 514 514 514 514 530 136 136 136 136 136 529 514 514 514 530 136 136 136 136 236 136 136 524 536 536 536 646 647 648 525 483 136 136 136 67 68 136 136 136 136 136 136 136 136 136 136 137 707 708 717 717 718 717 717 717 717 717 717 717 717 717 717 
713 714 713 714 713 714 713 714 713 714 723 726 136 360 467 467 467 467 472 136 136 136 474 467 467 467 467 467 467 467 467 363 136 136 136 136 136 11 136 136 136 136 136 287 136 136 136 136 136 136 136 136 136 136 136 136 287 136 11 136 524 536 536 536 649 650 651 525 487 136 136 136 69 70 35 136 136 136 136 136 136 136 136 136 136 709 710 719 720 719 720 719 720 719 720 719 720 719 720 719 
713 714 713 714 713 714 713 714 713 714 723 726 360 472 136 136 136 136 136 136 136 136 136 136 136 136 136 136 136 136 136 474 467 467 363 136 136 136 136 136 136 136 136 136 136 136 360 467 467 467 467 467 467 467 363 136 136 136 136 136 524 536 536 677 652 653 654 525 487 136 3 136 71 72 136 136 136 136 287 136 136 136 136 136 136 360 467 467 467 467 467 363 136 136 136 136 136 136 136 136 
713 714 713 714 713 714 713 714 713 714 723 726 361 136 136 136 136 136 136 136 136 136 136 136 136 136 137 136 136 136 136 136 136 136 474 467 467 467 467 467 467 467 467 467 467 467 472 136 136 136 136 136 136 136 474 467 467 363 136 136 524 536 536 536 538 539 536 525 495 136 136 11 136 136 136 136 136 136 136 136 136 136 360 467 467 472 137 137 137 137 137 474 467 467 467 363 136 136 136 136 
713 714 713 714 713 714 713 714 713 714 723 726 361 136 136 360 467 467 467 467 467 467 467 467 467 467 363 136 136 136 136 136 136 136 136 136 136 136 136 136 136 136 136 136 136 136 136 136 360 467 467 467 363 136 136 136 136 474 363 136 524 536 536 536 540 541 545 525 136 136 136 136 136 136 136 136 136 360 467 467 467 467 472 136 136 136 136 136 136 136 136 136 136 136 136 474 467 467 467 467 
713 714 713 714 713 714 713 714 713 714 723 726 361 66 66 361 66 66 66 66 66 66 66 66 66 66 474 467 467 467 467 467 467 363 66 66 66 66 360 467 467 467 467 467 467 467 467 467 472 136 136 136 474 467 363 136 136 136 474 467 363 514 514 514 514 514 514 136 136 136 136 136 136 136 360 467 467 472 136 136 136 136 136 136 136 136 136 136 360 467 467 467 467 363 136 136 136 136 136 136 
713 714 713 714 713 714 713 714 713 714 723 726 361 66 66 361 66 66 66 66 66 66 66 66 66 66 66 66 66 66 66 66 66 474 467 467 467 467 472 66 66 66 66 66 66 66 66 66 66 66 66 66 66 66 474 363 66 66 66 66 474 467 467 467 467 467 467 467 467 467 467 467 467 467 472 66 66 66 66 66 66 66 66 66 360 467 467 467 472 66 66 66 66 474 467 467 467 363 66 66 
713 714 713 714 713 714 713 714 713 714 723 726 361 66 360 472 66 66 66 66 66 66 66 66 66 66 66 66 66 66 66 66 66 66 66 66 66 66 66 66 66 66 66 66 66 66 66 66 66 66 66 66 66 66 66 474 467 467 363 66 66 66 66 66 66 66 66 66 66 66 66 66 66 66 66 66 66 66 360 467 467 467 467 467 472 66 66 66 66 66 66 66 66 66 66 66 66 474 467 467 
713 714 713 714 713 714 713 714 713 714 723 726 361 66 361 66 66 66 66 66 360 467 467 467 467 467 467 467 467 363 66 66 66 66 66 66 66 66 66 66 66 66 66 66 66 66 66 66 66 66 66 66 66 66 66 66 66 66 474 467 467 363 66 66 66 66 66 66 66 66 66 66 66 66 66 360 467 467 472 66 66 66 66 66 66 66 66 66 66 66 66 66 66 66 66 66 66 66 66 66 
713 714 713 714 713 714 713 714 713 714 723 726 361 66 361 66 66 66 66 66 361 66 66 66 66 66 66 66 66 474 467 363 138 66 66 66 66 66 66 66 66 66 360 467 467 467 467 467 467 363 66 66 66 66 66 66 66 66 66 66 66 474 467 467 467 467 467 467 467 467 467 467 467 467 467 472 66 66 66 66 66 66 66 66 66 66 66 66 66 66 66 66 66 66 66 66 66 66 66 66 
713 714 713 714 713 714 713 714 713 714 723 726 361 66 361 66 66 66 66 66 361 66 66 66 66 66 66 66 66 66 66 364 66 66 66 66 66 66 66 66 66 360 472 66 66 66 66 66 66 475 467 467 467 363 66 66 66 66 66 66 66 66 66 66 66 66 66 66 66 66 66 66 66 66 66 66 66 66 66 66 66 66 66 66 66 66 66 66 66 66 66 66 66 66 66 66 66 66 66 66 
713 714 713 714 713 714 713 714 713 714 723 726 361 66 361 66 66 66 66 66 361 66 66 66 66 66 66 66 66 66 66 364 66 66 66 66 66 66 66 66 136 361 66 66 66 66 66 66 66 66 66 66 66 364 66 66 66 66 66 66 66 66 66 66 66 66 66 66 66 66 66 66 66 360 467 467 467 363 66 66 66 66 66 66 66 66 66 66 66 66 66 66 66 66 66 66 66 66 66 66 
713 714 713 714 713 714 713 714 713 714 723 726 361 66 361 66 66 66 66 360 472 66 66 66 66 66 66 66 66 66 66 364 66 66 66 66 66 66 66 66 136 361 66 66 66 66 66 66 66 66 66 66 66 364 66 66 66 66 66 66 66 360 467 467 467 467 467 467 467 467 467 467 467 472 66 66 66 474 363 66 66 66 66 66 66 66 66 66 66 66 66 66 66 66 66 66 66 66 66 66 
713 714 713 714 713 714 713 714 713 714 723 726 361 66 361 66 66 66 66 361 66 66 66 66 66 66 66 66 66 66 66 364 66 66 66 66 66 66 66 136 136 361 66 66 66 66 66 66 66 66 66 66 66 364 66 66 66 66 66 66 66 361 66 66 66 66 66 66 66 66 66 66 66 66 66 66 66 66 364 66 66 66 66 66 66 66 66 66 66 66 66 66 66 66 66 66 66 66 66 66 
